0
0.33697203404416304
0.26628368843517575
-0.07283435005718152
0.12713904331527834
0.3483677142764926
0.24002869857080203
-0.10154467041528442
0.15894344632103855
-0.0033768150708120667
0.2786740538786854
-0.5582005696046227
-0.7465003617187863
-0.35956502083161523
0.08859522558466063
-0.20829203337209531
0.07180300112928475
0.2780486671294309
0.3531909338939135
0.32869205661712836
0.5866573349554972
0.5564787582567523
0.5419411967667913
0.7330094022556732
0.7797488408384327
0.8148846044153997
0.7137388234468364
0.8687421216513571
0.47882031467068714
0.370667521739114
0.27304544921888735
0.22089782224521715
0.5546752577789155
0.4479056097421725
0.5420562265174481
0.4891715716421097
0.28138959203839486
0.5607243736553361
0.4187047853639295
0.4192678360090797
0.48875329770770903
0.5621597731121768
0.8576669139605638
0.6431881642746009
0.3782536470777805
0.3568623454750261
0.06835373020428197
0.41571299203163825
0.566541633577434
0.5357329644626675
0.405622481928312
0.2310035478794832
0.153855332876448
-0.11982307434850867
0.2656981646935105
0.05552243412393935
0.27897850989744605
0.2953645789860862
0.1155538357906227
0.6510465142329659
0.5879990292030823
0.5908882779819378
0.04117390839958643
-0.007201267058088738
-0.015818590114902314
0.24291425103652786
-0.16860917767335304
-0.026495672992816164
-0.2735815626773329
-0.5002101796072511
-0.4203749211028389
-0.05948527869033033
-0.332349662073556
-0.058364709072007276
-0.09029678717502104
0.448913461279558
-0.21951287078754578
0.14076429840020177
0.48258492704773936
0.6771150522565709
0.5282810693693603
0.5782871179217658
0.7273522687691558
0.7296492808531925
0.4242519862388307
0.7566754359979747
0.9175426837293325
1.0434730187938264
0.9238566030555536
0.9060331326155916
1.012470777276789
1.0599403443088993
0.890469554462642
0.7115764521191962
0.8124963720746872
0.18087936262241833
0.3355117350178925
0.5043040077965217
0.6433991499422343
0.697756871020697
0.6462228640779534
0.7208979737850679
0.659124590165766
0.7889993009318104
0.5554577229029677
0.6947259983423071
0.8507944086016199
1.1240634576589266
1.0317716680426183
1.031264078944223
0.8605008590859586
0.8417847105340037
0.7213734373168389
1.0092832174093056
-0.1386202441775927
-0.4661860352644479
-0.4268211954054451
-0.32101619068877946
-0.29409892325300757
-0.12006298998372099
0.16590460681432156
0.2637216655149637
-0.0706909321785819
-0.2684262619997426
0.2263779449829647
0.16292953041412564
0.2313895099157011
0.43986268879969825
0.6308716213414276
0.8218618438843384
0.5100957523940799
0.9186587827176818
1.2333069825994933
1.1463134893404536
1.0494964380451406
1.12403696083715
1.2400346699449256
0.8402659190517775
0.7354729667837404
1.1636444819881977
0.7541181954675921
0.9085898153774169
-0.960823052540551
-1.268473323323927
0.31700074891216273
0.7262533754202088
-1.2225042251979905
0.5629623763794032
0.26928351633175224
0.7017544364749738
-2.2341828115194713
-2.5005624348281184
-1.4088371391923293
-1.029644799655322
-1.802462242049393
-1.719569166283381
-2.390761226131242
-2.128676260116713
-1.771719088801583
-1.6915570006557783
-2.2041084363782213
-3.0330572586966245
-1.9086144171311679
-0.7057266908269951
-0.15662357728464238
-0.16136774873557755
0.2358033887933244
0.6061699885002473
0.5063575349897667
0.8047304973365228
0.8295821499120348
1.0291984847711164
0.8158451161818097
0.42696723314233753
1.0460268940624635
1.1806434771668421
1.0069488147125978
1.0225074198506177
1.2339883078928253
0.5993959984491611
1.0469760825346492
0.7541583931264486
1.0176197960822553
1.0791313211389375
0.040264534398603315
0.652484972537128
0.8120372710040628
0.9010587679566178
0.12933438753533344
0.6110267468224263
0.5389864934192566
0.5989955496516652
0.9282897739653576
0.743692449039708
0.45759602945183214
0.5821660719766545
0.222711243691226
0.09585962706068285
0.26120009367252195
-0.8881185408577719
0.028184979031092714
-0.30467567893191094
0.14593521955388544
0.28943999505045465
-0.37063915280580023
-0.45632687660388377
0.04358557994239643
-0.2623378298411655
-0.1394319400301781
-0.4625747390057265
-0.8307710162780391
-2.3581425493136607
-1.23347104468408
-0.3213909485881445
0.10904563946338097
-0.14954862876307876
0.29336174510455537
0.37964651588959114
0.40358317115204234
0.5033172015801263
0.40742109103959157
0.660958872751136
0.8378662982896239
-0.21905581893344897
-2.247902770179825
-0.615180186278951
0.3920615739605343
0.19063054047317568
0.8279722101070127
0.507586890620555
-0.0009059110648327764
-0.10760267443955074
-1.0831062193938292
-2.0123423944410073
-1.6313263584502435
-0.9626553324666981
-0.6858641282545963
-0.7198269715236955
-0.04024041101195566
-0.03894013388853703
0.05902375678336101
0.30345573163192935
0.4554522085538767
-0.7010903998155655
-1.948793109876111
-2.047254239084627
-1.239142312398438
-0.9324555957315293
-0.4545409321662039
-0.6656847397554208
-0.2522223990781962
0.371436816100837
0.7095961704727985
0.14257801863377703
0.2984579621756935
-0.9913601345362613
-0.06393750913209545
0.24483392317581368
0.4936788569806989
-0.4953413798476455
0.1976278580229899
0.24404200198147993
0.3714991713789635
0.7883618882739922
0.2552808925009382
-0.09098483621372877
0.8999937929831263
1.0929374026306589
0.553944688687954
0.4459144260148747
-0.22959262588846935
0.43158164909798746
-0.25780385794757393
-0.008526141378317831
-0.16553736142360811
-0.2630985127039107
-0.5429862893719205
0.0009746705194872021
-0.5612823805809876
-0.7133758518515493
-0.9858253538804953
-0.48570402304313576
-0.8783734626384232
-0.8370806539773726
-1.0225058725039287
-0.6374330217149142
-1.0633987628920833
-0.4693695295951653
-0.07583084027021034
0.0715304555932179
-1.2831234938685896
-0.4017115635346387
-0.5726872629994393
0.06367340201865247
0.5508955833158712
0.0931202740990996
0.293957302104356
0.2464279921117219
0.7334356913304934
0.7634491288266857
0.8211493518282686
0.4073298447826634
0.602975036756017
0.09754142867598962
-0.8660135336208137
-1.5222594529957396
-2.3073383565609387
-1.2390303623036942
-2.4737011860430336
-0.2930811209983366
-2.480145750666134
-1.5972268420321896
-0.46671122645835666
-0.5618844899095496
-0.21779956907626438
0.26553664009940636
0.2072870087946837
0.4797794418596452
0.5175656240591723
0.4655522495169016
0.29066256717434036
0.14775009740176315
0.5804897037274138
0.7907923456269924
1.098381324752245
0.26271143053089985
-2.3122176271081605
-0.5864070808836268
-0.020535511541317147
-2.494646480113499
-0.37175195925936366
0.021837673304219856
0.1408071362822232
0.09169396033233335
-0.2715013103286236
-0.3519631569988294
0.041517279950224244
0.2832601098749047
0.4259164590211133
0.2965884759286348
0.2322740110701729
0.06755458128476592
0.5469290035330444
0.7989719665864384
0.4354260480556881
0.6959369041160234
0.7928795571491419
0.43839784118686637
0.2702956724991296
0.2973003469781618
-0.05550084078159209
0.2013007629284634
0.5344196496313948
-0.6125179753044139
-0.5215213975415769
0.04833630027113527
-0.5937948470735116
-0.20797086472155824
0.8334756328961371
0.9273118214573456
-0.4505222860669886
0.14870565126449134
0.5520266075729475
0.25801610216215487
0.8105326548214645
0.6798651797318624
0.4464153300847826
0.02747815955849944
0.6872396593434009
1.541837018942018
0.2177167470851297
0.4597001907010857
0.6894958676029819
0.6920936984595097
0.8872668332347463
1.0554619102957652
0.7457596951085423
0.1644805508316026
-0.26785747208213584
0.3171436150573864
0.5130007485330643
0.6906346684657362
0.7030263658268987
0.2578380907550599
0.573312950190814
0.9667661332563876
0.6371929423122299
0.7213497703895306
0.7421832039023887
0.38273388732624647
0.5684342507055904
0.4810726156312533
0.6957623404552344
-0.33658453124307325
0.28328359003113424
0.6295647220197575
0.6947385707709882
0.5398188297546158
0.0701162459130394
-0.73142800177249
-0.19211777785688244
0.2897844483070985
0.5731734260309974
-0.2266750064488917
0.1399355160742991
-0.006765794769998301
-0.26676693560668857
-1.7219522043444955
-1.5113704039821738
-0.46646077976531863
-0.00868565938037996
0.26684360532609586
0.01632441627312143
-0.5399575795878585
-0.3886892424030546
-0.15696907904251634
-0.30063606157889544
-1.7368988923070228
-0.42560167194468496
0.18830265644403277
0.05051122386149588
-1.334305973543322
-1.2726871114912108
-1.3728377717025682
-1.0809094171119602
-0.7273296306212507
-0.9099968961084683
-1.5583153158967766
-1.8832360823884078
-2.2754484630887646
-1.7261449387825716
-0.7600149276226751
-0.40342718818471324
-0.10916153383072136
-0.33971145040293094
-0.34704131960547113
-1.0167133290977166
-0.6517672065645764
-0.1184298273277877
-0.8300481276829311
-0.643143197263591
-0.2973536679383467
0.007102765921954724
0.5158578407101597
0.1911979793053358
-0.6271441549055033
-0.18456143466018451
0.3485141730199071
0.6322009722904358
0.7329076412042405
0.7903328769697199
0.6883265620292329
0.7601226270744182
0.7216059258318016
0.3332264414167039
0.6388687341372851
0.35691540063072924
0.2875045463535049
-1.2211675095848091
-1.8979842943565695
-1.295130618624806
-1.319958944391198
-1.7181285167813294
-0.9671204199692526
-0.1695630276574322
-0.8527469378861565
-0.6110063215240681
-0.615072981964913
-0.6035530843856807
-2.317372096811087
-1.4038704372243407
-0.6135333702233852
-0.15599583814662366
-0.27560430650374934
-1.5284499869126278
-1.3573442272567566
-1.1225723017897515
-2.0988843329362243
-2.219796801963258
-1.449210705072615
-2.23159105319708
-2.555639071985011
-1.3287939775768032
0.1204047621730459
0.300090169654536
0.07968365923109409
-0.20552191913538603
0.2996912459131347
-0.19792575888161845
0.010083195468544987
0.5618465529251375
0.538357783314836
0.44434745034938883
0.6972705435416303
0.45614237468635604
0.6250800199385282
0.5513930420636153
0.4930295205003682
0.5827299216509941
0.14386482275350565
-1.5859768817659066
-0.8271127744036204
-0.49503018771237617
-0.06289211968287818
-0.02435177413658231
-1.1588489046341293
-0.7045551049046879
0.3402199426811473
-0.2017922563906627
0.5653464945422394
0.8050674379705769
-0.3063990996197445
0.6701838633659
0.7795695539173411
1.0429009684868806
1.1616874466735034
1.04294704170234
1.0132198816061977
0.8240110760221097
0.8763401969908743
0.4595939666192701
-0.3388666502234608
-1.6836328548104802
-1.0129861831750262
0.1581269215425696
0.6803448198560719
-1.6801753386522207
-0.8301649381235114
-0.5006909012634634
0.17082373925456118
0.4126287267675712
0.37505983538119547
-1.714787694947717
-2.404907044019742
-0.3949464791960644
-1.6623248539978215
-0.9734949056525386
-1.783295540557817
-2.638260855904017
-1.0312037374381111
-0.5255313115609958
-0.9797861835900302
-0.19281353926690997
0.3759059166022868
0.3988356859997855
-0.018910458840707065
0.3675100612786374
0.6089822227985293
-1.3662428119584311
-0.39079176209631333
-0.12115152971753779
-0.24621799907875797
-0.5717723582123472
-2.013703483487779
-2.6084208502839767
-1.8126250234273986
-1.1508549506488324
-0.8234855945740667
-0.2926701244033743
-0.3898437393631136
-2.1140056448821962
-1.3603755316409247
-0.2840999952385146
-0.028601470348045204
0.1919409772240314
0.4534505951698825
-0.2179425829885641
-1.015874911784483
-0.9424085122129375
0.2539197214521827
0.5654634539005367
0.30498183012967073
0.411416290853703
-0.11110902030567985
0.24334906893358368
0.09601389731950759
0.12557793148877833
-0.06112980562534879
-0.47239332637850695
-1.5195381070890335
-2.001691954468505
-2.6545471060881862
-2.3478598444511665
-1.2822132441180505
-0.8611892769211243
-1.66661081453733
-2.0891463268251482
-1.2279583168776829
-1.8795370856335343
-2.3464501074325472
-1.8897766142434433
-2.204007897187495
-1.8943797740454345
-0.17195419793038194
-0.9763433118071796
-0.3586534277134122
-0.2231031527250234
-0.998500499765684
0.22100145294999032
-0.0005633904193360494
0.3769925586986163
0.9136090119246991
0.9746359775893766
0.35334418027428494
-0.09456711496846874
-1.216690284006765
-0.3609881198970876
0.08346672621203102
0.3249260477726106
0.18177813508010068
-0.383890981966015
-1.0509674937377431
-2.112594821568682
-0.9787063649989722
-1.1123893678547139
-1.1087478176214784
-0.9311294252181292
-1.5231763882574478
-2.2083997570809597
-2.689965571539195
-1.461455695713981
-0.8392586523219281
-0.828650375662478
-1.8244865331963718
-1.211057169891125
-2.0555648939452627
-1.7436688152075945
-2.0392622798418194
-1.0268299620388062
-1.1347645253236518
-1.521431838170138
-1.5116879719195384
-1.9325377721843482
-0.7542115038296714
-0.11617568596296124
0.34805797101408564
0.32701340588260536
0.22446277110647017
0.2325839995805573
0.26746568271470744
0.13099523101666247
0.293967128192469
-0.5568589806981106
-2.7123734956060788
-1.4578582776030047
-0.6388442359342356
-1.1007604608793302
-0.8539216157613626
-0.8453499352078476
-0.30530105205293645
-0.8218212400931741
-1.036371493183832
-1.1309942286228458
-1.7848972218683319
-2.569161477589391
-2.468340614630669
-1.8539014326377432
-0.8953021512488822
-0.5634597675182325
0.06242660405342704
-0.1119381478413089
0.08581591509080819
0.2753067447171419
-0.500617064322983
-0.12351899998775077
-0.1037613383101496
0.5045669682474154
0.13430245751895784
0.5980122972192553
-0.10088501049139856
0.44766940637840197
0.5394128126623787
-0.08796519972164882
0.2976075947471839
0.40797412364818464
0.5017710505726378
-0.4674190424810447
-0.060257663194688664
0.28607768939008354
0.44778399558234194
0.512436515542305
0.5367860980815956
0.2474896815584638
-0.20504187450973402
-0.4415296627367693
-0.40903667016057577
-0.3041234436052809
-0.2292039937772666
0.40184234069411473
0.5366941949695946
-0.2381275150049785
-0.39571455109449283
-2.078583487573086
-0.2914279380217499
-0.3868466837876685
0.25753706980753943
0.1898779905130616
0.13901943238032666
-0.5594439044051992
-0.7106853994448623
-0.816677003874855
-0.21626877823195467
-0.33581041323485555
-0.05579242984922074
0.2234748569431831
0.4219778891232976
0.3901927113686949
0.2974111834538486
0.3587505271089143
0.21192655390270967
0.27898962304372765
0.03379814627162299
0.2976305462245478
0.31552483019491145
0.42185603674266187
0.24429298899271165
-0.2216184472788515
0.22582123369652557
0.41834225510074496
0.2429902415763316
0.15910848797300442
0.000705580040716487
0.4336894078991524
-0.13215964270212577
0.09673371130978838
0.31014097856954376
0.20213963149425024
-0.9334809841278262
-0.2878692335714229
-0.32167005799335574
-0.04321066015090194
-0.02563232661632492
-0.027306798185907217
-0.019223147703185634
0.01832472520378246
-0.11743760710663032
-0.49713268521311427
-0.6667229011035923
-0.3984308335212303
-1.2238236482519973
-0.22531588220915896
0.4430113801209005
0.4487154100736006
-0.23980190626055398
-0.5960740882070801
-1.257501060940215
-0.5458255771893987
-0.19509701273220273
0.03765146111355692
-0.11507007697411595
0.12279206209622459
-0.4501564038396263
-2.2452623875027
-1.7909833790774268
-0.6805122316363237
0.04675578477683893
0.03606241064190389
0.4369207418514184
0.11161295307914945
-0.0981086093954352
-0.1566562946893318
0.06334621688708933
0.16899215162247166
0.13003265912136094
-0.5392731979528773
-1.2553031886258812
-0.30192255929603445
-0.3706858760683515
0.07867461687545611
-0.008130553087673372
-0.3375314796496538
-0.13651117957849596
-0.24552232483105632
-2.1284248017726752
-2.3819970750516557
-0.19676967892142067
-0.028963267058289072
-0.30692359426073396
0.3458528121556576
0.43737586275612655
0.503859907747722
0.18661271341785904
-0.3737606215559355
-0.5341854338740267
-0.24821545109458365
-0.8556815890912057
-2.1925827741926667
-1.3550451421445384
-1.1262676979239892
-1.1121345020145386
-1.8413908455361354
-2.4481760795919
-1.9280696454105761
-2.247205466699602
-2.5177350859291385
-1.4137550585161915
-0.4882650364606669
0.14733648268262658
0.14737669449705726
0.3349762444051501
0.2775356547702516
0.21086669564751354
-0.7218139811788193
-0.7812226973687988
-0.16292253618861513
-0.05051832909569105
-0.4712338836960091
-1.623011882567286
-1.120210055738922
-0.1000324287470897
0.18362144333325117
0.5490888175964102
0.49918544726059877
0.33488289124762566
0.6091321149957939
0.7907061238810275
0.9654568375020676
0.7704495165053411
0.437298067543142
0.6912951317963135
0.7757815593233149
0.8887779625677248
0.14549290702931603
0.424597896026011
0.49784610989608374
0.538034799758797
0.46711519542010155
0.37982741612926507
0.20809364000233085
0.5197763825944425
0.4862169089505477
0.25251113727250346
0.5226632727977706
-0.024835508214343383
0.2856335280889438
0.25812997690568656
0.09252987908509797
0.41097607345323994
0.6207829168993754
0.6000368476209444
-0.2816953125672832
-0.08345764364587266
-0.67401043319987
-2.0436191231935172
-2.470815162675229
-1.1663182902818194
-1.3662124318578595
-2.393427306221482
-2.7778668214625144
-0.9393277476302401
-0.11011815404899525
-0.23704323589813914
0.13529564344054587
0.3579077349153172
0.30326836627745096
0.27873418426593527
-0.9018465936309963
-0.7941355279096783
-0.12270548345150206
-0.05630785274535562
-0.24740947808806288
-0.07354460431918036
-0.6305697081670991
0.0052098678958772075
0.09182938635012881
-0.7893016731984357
-1.9944216941010104
-0.9984868200670233
0.38257354633802976
0.2389964833731103
0.2900081497869906
0.4950932382000992
0.7873001621791903
0.25158666444590333
-1.222517831243883
-0.5015388549390766
0.043796316243686344
-1.299984163172515
-0.1801418602940909
0.28740548402476906
0.4143841777575845
0.2480827433055729
0.28684436689543297
0.45743954916283386
0.38055043231818353
0.3179251425274991
0.0901670402921631
0.45791448305163623
0.09063848563667137
0.21726335306728872
-0.1181891590868563
0.20423222463149135
0.2993456546204353
-1.2540457909832434
-2.2959090156554947
-2.40467790522055
-0.9090063913748482
-1.4551054060583368
-0.216869010305886
-0.1436014234962597
0.2883289572065524
0.16967443364784646
0.2735143635635662
0.020692438643244552
0.2315691346941933
0.1603624110152133
0.23184919452535294
-0.8745813950099728
-0.2811144442186454
-0.3167009987803097
-1.0194257515392076
-2.231479044537074
-0.929221567998643
-0.19485097704813323
-0.7605707290086066
-0.5216405177826531
-1.7779294603963105
-2.312238659987646
-1.420309497400372
-0.3446824275728963
-0.33583022348488756
0.003187002716472456
-0.38638253448655985
-0.416413886054138
-0.18448257389507333
0.024933752239861325
0.16677047081658938
0.1142036911026688
-1.0405023437531438
-0.4774905024637845
0.23240970375649347
0.11315253173416205
0.339403389209149
-0.1648742661007094
-0.4050696279820536
-0.5718716451801839
-0.7990224607036919
-0.5942425888685032
-0.4746624064751179
-0.4018109102380176
-0.621058999060904
-0.14396051699486626
-0.1361912470621023
0.4074758039714734
0.7852342873444221
0.7223040460006371
0.7835610799931343
0.7243334657012289
0.852587285818863
0.6041045532872432
0.19889931706675873
0.109910309752436
0.18825425345322372
-0.5357128575321838
0.241087672991484
0.11498210403928542
0.21286925214861666
0.545246266403346
0.5050945919994922
-1.3225146380845882
-1.666214140000372
0.04120432600944298
-1.0793754537316413
-1.1927284575286632
-0.46400496288271637
-0.9007485198791431
-0.747250651722193
-0.20710175428303315
-0.12900596077372828
-0.2518933991359926
-0.5434284392906424
-0.9322285608855181
-0.5740332553369121
-1.6993608848278159
-2.5450416623174896
-1.6217573164148573
-0.1559901404017143
0.27484684572778517
0.12517625213580272
0.27520199408157997
0.34725498524744475
0.5540906863798436
0.4373976367116666
-0.13118091163276288
-1.2888716607149222
-0.08508892797847267
0.38630023006365344
0.31470404337320557
0.23887077571853682
-0.7386509195633844
-0.25856131055555204
-0.21156231564148592
0.182269465836419
0.4189991720021397
0.1304374988576087
0.541249003713176
0.3595348374161346
0.29370022755707903
-0.12449529108615492
-0.4875983494866063
-0.4168069653191164
-0.5739888988206036
-0.11310824124166545
0.03196259211016857
0.4273087193865622
0.15559924645420634
0.5125012411288616
0.8147947353111188
1.112455504937666
0.8646892221869519
1.0063623213460786
1.1360968102834135
-0.28420633928602224
0.5993050676674812
0.5130715210430231
0.5741357143904103
0.3229602228197086
0.13618853392023664
0.44307535152989364
0.19588661547479103
-0.11874998364659103
-0.26583590354789716
0.012133046672167642
-2.2793182609453684
-1.5752529391708907
-0.2849060648421789
-0.15924709996337938
0.267196148504935
0.37978969203043866
0.5858179530989496
-0.8809608171211881
-2.3718931927387503
-0.9193787441243261
-1.4986255419055914
-1.5837531478602498
-0.5225689949331503
0.2175016403271592
0.5463875607095008
0.3733835691120426
0.18275792422964032
-0.5191305602699402
-0.032130803350159644
0.35156102473382167
0.28947984100053886
0.24579095021967476
0.5187655801728916
0.7602463860958592
0.3503762446492083
-0.23858600168423993
0.2545319531692096
-1.0049754631984724
0.0923821782224909
0.33965157605570834
-0.01571765947172651
-0.61319316435194
0.4254627307177656
0.4998860338948962
0.35700577657641885
-0.4700054215584611
-1.0338518636195557
0.5143163894477475
0.8727989933680774
-0.26941904591233334
-0.37838211799743443
0.5207257346943791
0.7299171081096125
0.5343194180303306
-0.5423921500076843
-0.21035759885758537
-0.0328566192288778
-0.08055380295040553
-1.5691884855551004
-0.26437635880900934
-0.27646850878426465
0.29745374732849783
0.13246506821107318
-0.4713832103068255
-1.0939622958968727
-0.22241558578862441
0.5065471256446898
0.4311704951052867
0.3289963943764381
0.729710419358247
1.1161853197148686
-0.20553435378429624
0.34026202109532233
-0.3511452811801876
0.2329909072778334
-0.3506206865699863
0.8147364870451592
0.5533785243554923
-0.39527800843297645
0.23153641852255713
0.271416817030396
0.08388332106662938
0.3675546763306828
-0.18651387729382693
0.7941890045952802
1.0670563298189542
0.07464958263629567
-0.5024431865360526
-0.7988963893041124
-0.9945881702260285
-0.5547604253852281
-0.5953628543002012
0.02444301843319176
0.08091221126189303
0.2956951572978934
0.21838183236170547
0.05914101921562737
-0.39357600912702845
0.32940406474809003
0.2057523750953517
-0.08687126729771462
0.3488553406156438
0.029250475329609615
0.5862836984522921
0.12820744941948903
0.6739809364781456
-0.2932112230335994
-0.46521931390101684
0.12855483533408882
0.1179063534771619
0.1473663276186984
-0.1347385161719868
-0.4518433572575721
-0.07346097454161953
0.34268670051331307
0.30217319016619415
0.650155105699593
0.6366891902036076
0.24353634485888984
0.6091886616367117
0.7128358856015748
0.989236579562258
0.5760233574972289
0.7409329672101663
-0.8587374100217923
0.022081888220011406
-0.6683419049823213
-0.10341622552986404
0.2801024962896841
0.5067494830418533
-0.04268353111277326
-0.6891668247717443
-1.4630316526827392
-0.7319538108596577
0.04517966124122165
-0.006648924816239945
0.1654965226641025
0.2875781095980606
-0.18929444053459232
-0.23961657799102656
-0.00155933010872682
0.1998002812391326
-0.10554928529266933
0.3941862367799292
0.2300595805427087
0.9608039006883278
0.9571364207335061
0.9765486042810085
-0.15941046143345758
-0.3358418593404459
-0.2095083474087164
-0.03954741211061826
-0.2578188881702841
0.3963013883431924
0.6763947093262538
1.0165504706898194
1.1382896400925548
1.0787465755824046
0.5227888299253424
0.9594287643741084
0.9216604772401037
0.7637056480053984
0.4960649632191701
0.481015892375146
0.2530413545662561
0.2595416172005856
0.5516843192763299
-0.42337225731221567
-0.14233550539138534
0.16548433605776475
-0.3948204852623557
-0.38994684302139854
-0.4807224327880228
-0.1740468972209448
-0.7756748282127977
-0.1983851181058399
-0.05004720470414028
0.24634856047251258
0.11578394281437061
-0.21352634003089813
-0.10958630175111345
0.17729595629272
-0.28340116446001523
-1.1655629883692848
-1.5931412744558004
-1.0468066260007578
-0.8163988144419375
-0.3197842983675759
-0.23706782440913837
-0.3605989227776546
-0.4382411951400829
-0.47865516905772754
-0.30862975582871405
-0.019716629519144144
0.06307801128225034
0.3015969364104106
-0.05499622824439123
-0.07092287163742786
0.00984586033148438
-0.23244735364026015
-0.14164936892798952
-0.6156901323662192
0.3657745561004956
0.5523741867031631
0.5105985031543784
0.5751996020680086
0.5335921966559779
0.2545011448901415
0.462716262961447
0.42620542573985315
0.6136330145153991
0.7325390741442808
0.4566973221290271
0.49794862867947326
0.5058513587780642
0.2677288599271781
-0.23063054911889472
-0.2480593988759004
0.07501726196117493
-0.28264218201161945
-0.10475766239483168
-0.0029562593232613835
-1.3256847562044083
-1.2680463769591745
-1.910847382220223
-2.1501059203879875
-2.089666506901719
-2.3889433902259345
-1.8692808754925012
-0.5833786933941724
0.06209064906418931
0.14170796321767268
0.26677502957050697
0.18658266788413813
0.27202678914582995
0.4765079836918502
0.6106408859251824
0.36192876165184945
0.21351065795732993
0.2209106777220854
0.07093112011434892
0.29202396584707
-0.16998013474327106
-0.15423042632839118
0.2889483768069723
0.30649862620652635
0.1689380012167768
-0.5025372039328904
-0.15399699477945275
-0.04352482649941553
0.45508775364350434
0.4327176775676215
0.47819474496799874
0.5967736926697097
0.4644774816037297
0.3638847482516879
0.5409728176514275
0.4580137532301337
0.15892220649193947
-1.3696699231272582
-1.2438777932289264
-1.460223667193767
-1.2661015510191371
-1.3162973307213464
-1.2433422790178443
-1.5444884384592263
-1.4779343454978564
-1.3045537409578207
-1.5618885306891952
-1.2061986870203136
-1.9274391578278207
-2.2664221735940786
-1.9063151520788684
-2.4384276626510286
-2.225219599304435
-2.3423460557120785
-3.099765230695218
-3.2193296856039524
-3.1593678321740453
-3.4009287581909255
-2.4608817242845284
-1.8776460590277761
-1.1444177954102226
-2.125528016570944
-1.6488056883403757
-2.1179406313872082
-2.3867153805451786
-1.602412299294929
-2.453808935905187
-1.8152225804697872
-1.1698694319072949
-1.328694307721034
-1.7203749148403953
-1.6753737068437988
-2.0481621749753676
-1.9937957443961467
-1.9131246503137609
-1.5540308336981545
-1.6125773989887642
-1.3800508149821828
-1.2774377990114907
-1.2887313336576056
-1.401855761614108
-1.1144664318827813
-0.7313510874619372
-0.6626422427692163
-0.990465154417214
-0.9875631717596591
-1.0755470535726783
-1.257958281863604
-1.1006194916998089
-1.126261997434706
-2.196763382869092
-2.4210458511534467
-1.7802988802497017
-1.4039795307390475
-1.36112946644295
-1.3166571617700469
-0.930311108691993
-0.9162053258971041
-0.9804698385416329
-0.7503391153642638
-0.8443384368600522
-1.6165182670147635
-2.0006540511154762
-1.4247904302386545
-1.0492520173965976
-1.612534094429247
-1.6110048374267005
-1.7568037478063592
-2.300289752945025
-2.4391399492547015
-1.9422536150542686
-1.9304473995001095
-1.8455399877015028
-1.7012647221581159
-1.4081104241695241
-1.2162965143803945
-0.9986383322972137
-1.3410914282393547
-1.464838219861918
-1.8967797667319397
-1.646968406987116
-1.8441305217233115
-1.1262225215157264
-1.1606460678669395
-1.5641361718269564
-1.063573567501553
-1.8286059243828983
-1.334181704186732
-0.9324805606569571
-1.5300061484539091
-1.712482013885609
-1.4080716789609034
-1.2310624086974267
-1.4793958773307985
-2.1459123184692914
-1.7101576649336836
-1.4102227550186928
-1.7027973260521945
-1.687439034565652
-1.5397488031920512
-2.297617080642204
-2.6915698271156163
-3.137401580550509
-1.7312231093741213
-1.3443765171895086
-0.9595409806183055
-0.5611840220858357
-0.9237243073546926
-1.7936338996815375
-2.6107132451577604
-2.9994121905309536
-3.2868094640169963
-2.884040579449553
-2.8905601830004475
-2.8248732964566496
-2.6669577297162714
-2.5320290241784695
-2.875989057312211
-2.3452889584196845
-2.7362165496140367
-2.489057476370218
-1.9488065759127728
-1.6060103071459495
-1.5050773043267485
-1.9108184047246857
-1.5055179525137583
-1.9750084646026922
-1.8408260446128806
-1.5645946346517798
-1.820047481653535
-2.0822219995369142
-2.1675379668742685
-2.929947620580606
-3.0214476497921288
-3.0363834850033933
-3.0331882486251107
-2.7807817036206868
-2.3428736882287815
-2.202369463451158
-2.0140050988856353
-2.1648441376034864
-2.019648506701015
-1.8701248643525505
-1.3710641971105506
-2.2146019317507584
-2.3312475978227543
-2.5453140798027243
-2.8493229867719636
-2.0664212439636773
-2.316892755913807
-2.670393013215245
-2.3986336960820487
-2.7212944877709395
-2.8491736604998157
-2.775074372164354
-2.504279528979745
-2.306170238591826
-2.4806492388647983
-2.91711862394717
-2.651279186805972
-2.2965645761543003
-1.9334210758832269
-1.9015882234072592
-1.994057504803354
-2.601685694343625
-1.859653650302488
-1.461947953476751
-1.4539552729784841
-1.1831209689787554
-1.5112940663644039
-1.189282121247343
-0.9836814172477193
-1.417404391052701
-1.2059576409601656
-1.012607820054454
-0.8177235917488686
-0.6852793159430011
-0.5922593807294846
-0.8344715954557645
-0.6986589307514448
-1.394025961375525
-0.8858876956492547
-1.502761091192462
-0.7327067295287413
-1.299795369610988
-1.1783427359598528
-0.8549003484656132
-0.6520149475076623
-0.6827550506823403
-1.0251771069514266
-1.1835438408688184
-1.5797664070848734
-1.2699878716832513
-0.7108247969023881
-0.9823484259074546
-0.8200753280215656
-1.0760784674081874
-0.7803440286953734
-0.5048123596510579
-0.535778877070876
-0.4914005700621566
-0.5130433555188172
-0.43155864853696535
-0.7214274131844305
-0.4009176672565991
-0.354273115558968
-0.37253949867473496
-1.3474366171450847
-1.733145551231945
-2.2031799589752463
-1.2772842380093063
-1.4488193670769656
-1.3392866063975017
-0.6084142582288993
-0.6209246661608462
-0.6216777227824463
-0.6008306243009769
-0.6907488643186389
-0.19364931358654747
-0.20213413636512323
-0.5934029674415726
-0.06402531123864952
-0.41277306968154603
-0.37632165310124915
-0.35420985415842243
0.0226215529274143
-0.20244153852547622
-0.5087035322817643
-0.36053968280248694
-1.2561038664751274
-0.8039068927857578
-0.4900978122772232
-0.397027838593736
-0.4444445343572308
-0.5130484003006585
-0.712289683200089
-0.6661212589247155
-0.5339428169888971
-0.67093584486333
-0.23176139683603292
-0.030681302415118177
-1.0071993058073216
-0.3238855291072048
-1.6941510307754797
-1.0609053472051089
-0.5797122592085457
-0.30033606258283885
-0.33900831979159124
-0.139057249593829
-0.26590338589451046
-0.4670359312891434
-0.0945014799014407
0.03140934057635373
-0.1094678021563231
-1.029217090475895
-1.4331808390775749
-2.2717303222880902
-2.3966938882345166
-1.21016611057652
-0.36363940104474296
-0.26025000072959736
-1.5141479531989732
-2.384826654136626
-3.1518674515562672
-2.4214544630024295
-2.297190407401075
-2.2212980973947816
-2.1819082933729876
-2.1632279411057533
-2.0492432130418807
-1.587653720280052
-1.618603062807298
-1.6044617911597034
-1.5663223402932758
-1.5072339076467305
-1.2687583948931067
-1.2227799120604572
-0.5180890262054868
0.04496253534364958
0.16290413532894382
0.2705128722217191
0.5748975566710804
0.7314344342926145
0.7092155393406778
-0.2700796196248083
-0.29297261875429625
-0.07839507266047914
-1.4076220106505586
-1.8218264260942325
-2.452871837862683
-2.8603575169545215
-1.4499483526889845
-0.3930293695066393
0.20597273473709013
0.3249249610305465
0.45899982326281347
0.4663276852852728
0.5411067708066484
0.509502575656049
0.5110413740448814
0.5634235898632652
0.5001080395733059
0.10836353640881047
-0.19863463442248222
-1.1666765052874801
-1.649387823532338
-1.9698911279211349
-1.8729302246013948
-1.2917978838677682
-0.9994976968871467
-0.8558442972150004
-1.7607646235213041
-1.0835755419983135
-0.3104989230826771
0.08605614447664174
0.5660551080991694
0.39749764378742736
0.035702033673277296
0.07769237185905165
-0.15059096104936467
-0.2632444364865752
0.014433399806049772
0.3949486149818642
0.26785507264158603
0.4037429749791951
0.04021392208469476
-0.8045417366714424
0.3787505972767653
0.678260465593256
0.9217883634991997
1.049560749382595
1.18355845514817
1.16246244313053
1.2017320095249513
1.1356689644252442
1.2996913616529175
1.2577080479339726
1.2997717228889842
1.1853466264680597
1.441781953303222
1.3248780186643598
1.3597581939089258
1.4665168531400294
1.6270086287560033
1.4013812348735362
1.5051251292894312
1.5688852335280723
1.6328058629168547
1.1857855506472732
1.6650928368052829
1.4759113080665651
1.3169678613988662
1.303682558953823
1.3406252664737535
1.4011198931596074
1.4166757321578762
1.5128446891577783
1.3019349344908866
1.6380087086395845
1.2295153527375147
0.9627285703883278
-0.03753889316963424
-1.7041438743937114
-2.6926081616767488
-2.172736134512571
-2.683028036620812
-0.22521202325044434
0.44288258618284854
0.5758838698901715
0.2503171450567971
0.5324104103255811
0.6601311974166194
0.611021717027183
0.7564292867545279
0.10556570479371688
0.14693710571374174
-0.06903589008235149
0.07906239638610488
0.398347797930945
-0.3232606179499806
-0.5416559104029749
-0.04341532964350276
0.5249626382220254
0.8239671432002023
0.2746133566415198
0.47322347353571065
0.43052193206747746
0.7629837550687326
0.9246053554941083
1.1664270009155675
1.231870608739621
0.5382740448274839
1.0295154320053195
1.385978920479261
1.3344125069552222
1.0824599392106942
0.8028697698785439
0.7939194767628277
1.0306620640898683
0.9282066169719972
1.048338156962806
1.0698827123931525
1.1442773084872941
1.1659742306473369
1.2298270639788358
1.2683416343762948
0.639127563706565
0.7445104842194972
1.0756513196536437
-1.3806553263871852
-1.3311356856249492
-1.1119662314266243
-0.2858966153394574
-0.7670933634005538
0.14232697730976224
0.4534746141259153
0.8471433240618585
0.7873904731146459
1.0492240308145075
1.2703817798184667
1.332710672344171
0.9872704032877608
0.4818902940211005
0.501496911620795
-0.7235253797268004
-1.5363503935640732
-2.4129256780158213
-2.1154990392375836
-0.3153052439176301
-1.8418458515633427
-2.2836367094279133
-0.9605552414919912
-0.7893377597826059
-1.5778911938011524
-2.700231460881037
-2.0836864733644838
-1.2998028608554326
-0.7838266338400656
-0.09088729738908558
0.005908333288958353
-0.22877698257640589
-0.6795590086962592
-0.8005298995933654
-0.05034458029895295
0.415352306443347
0.7166234494414455
0.8569183693023801
0.8169716834632956
0.9381375261730689
0.890722643315103
0.9724883488338585
0.2396730379229869
0.4610878782085393
-0.30150869869263786
0.27985627191914125
0.4633398766209445
0.2550754759824194
0.49349686140301496
0.7822391962406363
0.8017335787567579
0.2824566977181187
0.98778673594316
0.7488807427704054
0.7427280525034353
0.1358440487022297
0.2830429670322382
0.11871206245908075
0.19861377828204532
0.13583269707029227
-1.3880324521298488
-0.9860117768217305
-1.7434540449154592
-2.290941031046966
-1.174658726325796
-0.7453440946756331
-0.6126987605045291
-2.296065116812657
-0.7891249378277588
-1.1892408591606656
-2.2014499613110456
-0.44940162004594
-0.09554989991212565
-0.3301168799482759
-0.27367662656693414
-0.9172890707788893
-0.7984927954519416
0.09576336935040705
-0.9204553233520638
-1.2828089475610276
-1.9722266435158902
-1.4257436156550858
-1.6777283619697194
-0.5369493875865478
-2.44299683054158
-0.8777991768395054
-1.76992224741499
-1.6924519311423112
-0.06279153386610103
0.8857955681205042
1.0584806314311503
1.1803606256025663
1.0401128368966408
0.7968402919893225
-0.3262259831820848
-1.1252725175580371
-0.6357889600436734
0.22785087347207447
0.7676179125757376
0.6859874925264431
-1.177350368052137
-0.38032008188320765
0.3732319404104392
0.5763586021452027
0.9738427590976672
0.9757907331608018
0.9613861461401743
1.1332462515578852
0.7904600322558226
1.0691207962343254
0.8048339253042462
0.8064222110480322
0.7123385318205333
0.7966552799673046
-0.6986813092978935
-0.30159718932662427
0.3996191512479472
0.9036212219670872
0.30031049799582
-0.5192819240270001
-2.714887553407915
-1.337875786044517
-0.3609669749039611
-0.684091258960776
0.41958013623162077
0.6849481861200418
0.3672456288151022
-0.08225161867823015
-0.22240498014950433
-0.23088944899581718
-0.7062132238614979
0.6614082374867443
0.656593518618619
0.35767989376592607
0.5496393165764252
0.6701617921722847
0.6682156575948641
0.39740634003027514
-0.7737146237706667
-0.4756571810466318
-1.4038972432648764
-2.0752415509147064
-2.3419809517121446
-0.6847489652484102
-1.9891281002581043
-0.49278952864574993
0.44497560232384026
0.8646623578901683
0.7837522172600475
0.45247097440113265
0.5745971760263361
-0.2614924618612372
0.47406536312989034
0.6494722115013541
0.3787889020478565
-1.2267583675648293
-0.5344660304066273
0.11498057934711414
-0.12820499412359943
-2.3420710549671746
-0.6160638447026108
-1.491807168011884
-0.3704352828997503
0.5075791835215345
1.1190116782156687
1.003023765548371
0.6680455454137398
-1.269744329191899
-0.46830505631810293
0.3674680257123619
0.10065668200788035
-2.13601040276702
-0.30874631238001127
-0.3076534093081676
-1.0805129055506333
0.2321227271827946
-1.9103909545290927
-1.7843028836166823
-2.681686321538444
-1.0073035489258308
-1.0996788949319305
-0.7780537139241329
-0.6678816820495294
-0.5638951166585209
-0.4894666207297098
-0.5646005378395837
-0.11641839391736
-0.6632741754549953
0.14248187861287331
0.09353498970682098
0.3953284979404825
0.37558973640757753
0.17698953338172796
-0.45601627883523854
-0.009320191054400363
-0.45809912508477285
-1.431227895894039
-0.3157013630173977
-0.5362462099675634
-0.6683357550346135
-0.1137798463671254
-0.9563604284964199
-0.5679394487777013
0.010699960053574523
0.5908404654361288
0.763707876418205
0.7500182791450198
0.6528022664745459
0.7272755609965933
0.1326666141642886
-0.11089517302867602
-0.08522140443227372
-0.3977563827516602
-0.42842565880906136
0.07535446273268
0.29290337941240463
0.16662337047158113
-0.3931561215764162
-0.39792332475794584
-2.0780738213503933
-2.851012308465735
-2.8015414687377307
-2.7978541899320755
-2.587791748033507
