0
0.4244106599298862
0.21935189159091006
-0.10397606634502937
0.0668343324593172
0.3012929928346593
0.31980816008823826
-0.05176264106037019
0.06211173558978594
-0.00993337665153122
0.3360753527462902
-0.4827291252230561
-0.48756671120195905
-0.4391676309871878
0.07904007130412335
0.018775347545727017
0.2789411150157571
0.06460144150105644
0.12669190038237088
0.11156757701997197
0.45618002195083307
0.5772655640805386
0.6311508874474812
0.8399301895067359
0.9528831871357705
0.8292449090146763
0.6823330194382087
0.9377369594794741
0.5484749378416784
0.3158521932685921
0.21178115326149508
0.2926007765468077
0.6066011895428366
0.3899950797148268
0.5650024167793768
0.5634218143961771
0.1109586205297313
0.5723642734038759
0.5104571645448921
0.5007857765069456
0.678170170455401
0.8028083571161507
1.03661297461616
0.7958180963864616
0.3342803571193883
0.3698262765324909
0.1511727705069938
0.5199118248999408
0.6834456432820833
0.5233971288692356
0.4115358488903522
0.3351969688786131
0.27553891762841604
0.01500376837186301
0.24485112746610424
0.07150835820068706
0.30648596580325055
0.3001676178252634
0.018552067230005118
0.8411816874629484
0.6047491254285442
0.6394599857028767
0.11306508158613121
0.0722148619259328
0.070130033823247
0.21210594762003512
-0.011073363716656907
0.06444357353604066
-0.3192872632074948
-0.6147151274404377
-0.4071254399523529
0.04763739820431647
-0.40725264008832773
0.04018616425893398
0.016358615955356468
0.398618337303524
0.16385277601053752
0.06732616678172341
0.6291198069579581
0.5967910432535797
0.460427403187922
0.5744657878431222
0.4074450147194309
0.7536767801465003
0.6416653886219034
0.6808809868044123
1.0586617359880488
1.301623381185899
1.2138822359731087
1.1317278508575932
1.302657970330049
1.2945426788278835
1.1019335648906543
0.41714636742099603
0.5518868778481623
0.20743923080599966
0.15924436563762656
0.47240419174567727
0.6999369943430049
0.7222717896799892
0.6268700882147475
0.7239874392000001
0.6528549884917729
0.4332461504203877
0.6415612479590967
0.4235057902279795
1.2292958925384327
1.3447226054590096
1.1251485724274919
1.2246686191917486
0.44110423417785904
0.5695418537758603
0.4384700916780797
1.0663262315866995
-0.01181982185110752
-0.23781163614682171
-0.27905193222751146
-0.22478300983557975
-0.25520887951746146
0.03588701492367427
0.05765442441739615
0.20316347942106042
0.008035255311486512
-0.3568294164829223
0.1499930075994449
0.06896075452047232
0.25030618820557765
0.39706719711284344
0.6072603318652815
0.9916624146455439
0.566103638469963
1.0729386303225028
1.4783980282156888
1.3439741309437843
1.3312141054265572
1.3400721814174996
1.5227456984358227
0.9506362832417233
0.8017669237505234
1.27816009752197
0.8072942266538959
0.8651028663091855
-0.9854402887463257
-1.2370242942023562
0.22343282823754868
0.8118601388289401
-1.2357324932845097
0.6500872821401396
0.16683847723057568
0.8356847600615045
-2.1770503344545027
-2.5503010238496913
-1.1991851999433536
-1.2492319118772377
-1.8497912163242394
-1.8743589405920582
-2.3381247583841738
-2.180648172049924
-1.984619413308754
-1.7941776410820272
-1.9560619117912554
-2.7338070865233117
-2.232366087999147
-0.7673191760961718
-0.09118178302645391
0.016994274049465824
0.06948622712666609
0.7803225569247955
0.4089575355983614
0.7918205827361834
0.678517679988474
1.0831664967243357
0.9410883225054383
0.36198170306776817
0.9630746385597422
1.2227962383661262
1.0721455733150336
1.3123502955119757
1.465616280533997
0.8304108003619324
1.1131434167593892
0.7691343572901752
1.1307115486509236
1.1954744682567302
0.0087146905504008
0.7495943915522177
0.9095185944364097
1.0756155756983157
0.19959073854018325
0.5806639790133511
0.5065196106067993
0.5995992973271105
1.0769116310627656
0.824456314962029
0.6637429425513409
0.5004334594622494
0.1849949866224203
0.2722156511562607
0.2017016391720528
-1.2807415879821462
-0.10471627790884544
-0.36053841903680345
0.09286877473700957
0.20605950096582887
-0.2886779969933911
-0.501952566901109
0.09068066023871925
-0.015451124726757581
-0.01591286810742828
-0.5063872921547612
-0.6327197349181485
-2.6422610578026564
-1.176827343793395
-0.7132548453456065
0.003315450498294568
0.03524581303103995
0.13159261027168084
0.4101044535127456
0.21105063665061607
0.4096222637981801
0.2388801170543576
0.7008136825101274
0.8452060830295414
-0.19864785863000764
-1.9275673092856127
-0.6799114204110535
0.13532054214010625
-0.010842669714047574
0.9045289340240057
0.7084033897160541
0.16961984013884543
-0.11372367428867466
-0.9133545634329922
-1.940428078822949
-1.712807362263697
-1.2221027914219638
-0.5868470970434683
-0.44223927068061597
-0.0018017510557744448
0.0016609520527386648
0.1380692957591262
0.1441113607423241
0.3511453342197165
-1.0688815585182005
-2.25166037546424
-1.7841839021827686
-1.5486774058393864
-0.8799907364548554
-0.6094586261903889
-0.5854613742421548
0.1177172167555937
0.34928897198773856
0.5632154690179667
0.11014393735736894
0.2746753353098834
-0.8909156244448807
0.044118620026490515
0.3698342221449447
0.35346191570946506
-0.4429185608601932
0.609574455656665
0.3570966473797484
0.29637751362740317
0.7144855140563068
0.11011920920124159
0.05051316833570917
1.1835234912589772
1.2628469515129435
0.5527137615985909
0.5671612260403351
-0.06573234094948807
0.5752249098883581
-0.6186714231337551
0.15915795063643862
-0.04293346686232013
0.022564835763956077
-0.5854174551691859
0.2109552359245435
-0.5817015006930375
-0.6745969715215075
-1.067389568821767
-0.6814831108889465
-0.9031683568082519
-0.7375106590276425
-0.9150985579581948
-0.68072268398199
-1.233003516374387
-0.6398866757866712
0.43720292271776195
0.5068908982288853
-1.3875267662412745
-0.347720760866543
-0.4852755928256468
0.5873303635591012
0.5912948862095185
0.4582745743767934
0.3727721406954042
0.3098481551556411
0.8292980562274084
0.758096803071009
0.8046992393162485
0.5872895168388235
0.8074111318967223
0.2498872419153033
-0.6476596584661417
-1.5110792814723184
-2.4328505197200734
-1.3920945976115404
-2.6943667238378612
0.07763970382907416
-2.688575167485837
-1.6536696228050753
-0.5007713274716697
-0.571142499603357
-0.22300398466267796
0.280254402079948
0.21093166589249424
0.4142475729792412
0.5834748443605176
0.6983918214427524
0.2113346807205712
0.1921598840639493
0.6006354385095158
1.1239325313420174
1.5996955614512105
0.03773062409852497
-2.4312897219174636
-0.5004802543575595
-0.005825222762365895
-2.8255651581044794
-0.23116193371676788
-0.010484268986703531
0.06768276575197195
0.13675175210167162
-0.35050049497932795
-0.3256793000256575
-0.04450522714713664
0.26964549889552003
0.3564757177460019
0.3635744197175655
0.01026016321496005
-0.026467598988484324
0.6855809967232921
0.7707339366490413
0.49584919976804337
0.6899968145499703
0.802912257988806
0.469133462828789
0.31431496329916014
0.11739600819333917
0.10028198265348608
0.1019368264104872
0.3766242368623541
-0.19049396011112296
-0.3773210192380643
-0.05145746129738329
-0.40040716670988274
-0.1600687250196822
0.8573978657114895
1.1047104453862746
-0.33563963275901154
0.16719524268885133
0.637342732614798
0.3477710941478181
0.4376801655884979
0.5718807629368848
0.7532898217168663
0.040824619857289135
0.7082189200182305
1.6175160485250135
0.39092353800820623
0.5306207556211336
0.7393787627922637
0.8009956595530306
0.9565086552136078
1.1140954815482795
0.38826861739320523
-0.00040333441199078327
-0.20297171558758514
0.29750411767854845
0.6607802344093856
0.7254311628258387
0.6271697924152287
0.09331369296368629
0.6546759304352174
1.062570304604069
0.635730894210573
0.7256213818516736
0.7444840100638752
0.7549168875793257
0.588559020685767
0.5639439395194443
0.7062258388407378
-0.3778195574302463
0.16502443250538967
0.6711209923683809
0.749724840589709
0.6393044960971479
0.1015254522381919
-0.6790758578497288
-0.2722885394350659
0.30137098205291396
0.6608855875626289
-0.3737545119988946
0.05891471910400798
-0.04168388304085494
-0.393561433972242
-1.617184187674043
-1.7306469232125594
-0.5181996880175739
-0.043554044891428986
0.2163445764304225
0.018146559514740652
-0.6451854180808891
-0.48220372284900415
0.06786854936029799
-0.26240044600956935
-1.673349205400321
-0.44550891946785687
0.1486438889888212
0.09820355907049995
-1.508193130452084
-1.2586572552361937
-1.4816932283123412
-1.2130341837440695
-0.5724437654339098
-1.319813247927523
-1.8502044488265013
-1.7379408227490154
-2.370560328192623
-1.7726078150808768
-1.0991649513355912
-0.6917307234675332
0.007362426058665735
-0.4891191172646204
-0.49395564678898374
-1.2196722662207407
-0.6774629064765233
-0.041253396736063104
-0.9414171360789754
-0.7593525839568939
-0.47507764346146114
0.03850436418347838
0.45850231148493875
0.05567827513054188
-0.5034354901314264
-0.3623821962126636
0.27161576748834587
0.7459254724336061
0.6630153745219678
0.6622338883819423
0.7941075272835824
0.7634132115003651
0.757406661965491
0.20430387194821337
0.5860023830204988
0.352727167834412
0.10700920643133184
-1.1311825614830584
-1.8299320481666572
-1.2115857095909126
-1.5341115428089607
-1.637460462660174
-1.0486379817110913
0.06896308539547223
-0.8854135890925294
-0.579414624066098
-0.4812266189271853
-0.4969978252809356
-2.509876822004398
-1.2694097769408892
-0.7689764279225568
-0.07107585265414089
-0.34356894429347773
-1.3635759766043474
-1.4156493054406631
-1.2805796842620363
-1.8745909128007616
-1.7411827236395283
-1.2326950134487233
-2.6119548711362537
-2.598005737236471
-1.1340850155773516
0.23461736681591555
0.23594299751082584
0.039751986543324555
0.03998768145856386
0.06207732303744294
0.0041318683977968505
0.0432408290509405
0.764624061354843
0.5977316846569302
0.32874544842233794
0.4112987330775149
0.49726844060059633
0.7087868506809805
0.4150641561396814
0.49343453488929334
0.3628807950802623
0.10666935606674863
-1.1796136084044964
-1.1525457721626635
-0.5027289562336518
-0.12931757415836326
-0.01859199763392812
-1.1951622829390038
-0.7328594702635659
0.6388000933712604
0.0639353437002998
0.5908242514809241
0.3850891329189565
-0.20215779272475734
0.4534411030705392
0.5819281864163331
1.3235970820953151
1.473486890062031
1.1814972996177096
1.0813137482272708
0.39774990118118847
0.5436387803890123
0.581135236879732
-0.1808930615037136
-1.7769407967728441
-1.0389386781315855
0.0760195054545561
0.8355001856249337
-1.2980863631823192
-0.9027376946606867
-0.317408894260357
0.15277105476960165
0.27536498317823527
0.3478530541246987
-1.5196766546506941
-2.464699103190549
-0.4465942606807382
-1.5671190552349406
-1.0646352832789387
-1.8317966435964808
-2.701192419062504
-1.2256385685105942
-0.3841389024805315
-1.110797000600685
0.01262584328429643
0.45284179392543883
0.5618676542647526
0.05862441332618694
0.32914766461704115
0.6596076660678889
-1.2047932633219132
-0.15237154555647064
0.018332397791526192
0.006457606501143703
-0.3428795306665741
-1.895623386802823
-2.659722180060168
-1.6469956962252137
-1.3597318406825338
-0.8918619591508625
-0.3961053973861795
-0.34684961176311946
-1.8045527438162645
-1.189287012774969
0.10623576411155322
0.07350311260167004
0.2399953003131462
0.6044319991412227
-0.04316095739219994
-0.9575427760014072
-0.947310114918278
0.40271432621741826
0.5263155899272743
0.3967946000424919
0.5262336571850985
-0.06640587837559964
0.5026461676910696
0.26321725802033075
0.2081139911896308
0.015566233018932975
-0.03215828637142898
-0.9815473251055824
-1.8307345614173758
-2.511159919852668
-2.5166044636554084
-1.075789195793168
-1.032766976556981
-1.7272370689299674
-1.9731225689949266
-1.083602229816663
-1.6821771203786955
-2.413976926660284
-1.7848057080344293
-2.28323038775306
-1.877422501667785
0.29573630620983393
-0.900866074119294
-0.5118592834579059
-0.16840359423658527
-1.1339013984555586
0.06278882699048922
-0.16898182857936928
0.297459648419965
0.9128825249012839
0.9682391183226456
0.36653753257058497
-0.20399252286123604
-1.2065718096996876
-0.5097623454293178
-0.11589445365449917
0.2856042089963181
0.028157899184777416
-0.1679592643632822
-0.9941546141315578
-2.602041797998387
-0.7856377768752765
-0.9802541480162077
-0.9450226151046714
-0.7466883440492881
-0.9970229730720619
-2.2149145015775797
-2.622066451274668
-1.399778553359474
-1.0583559807477114
-0.7305826606455286
-1.949721735668219
-1.1740191442207302
-1.8145519048685712
-1.9915834674142816
-1.7729948889923395
-1.2409856580652354
-1.305163914789984
-1.68091642970035
-1.6419957910118927
-2.0009328769957815
-0.9083849210311347
-0.41290603061246345
0.18074452837467672
0.05729648518118483
0.05446521936282973
0.039794897997256655
0.29170634793461336
0.009142272060801645
0.1277686706493948
-0.7780698363993761
-2.7944432708805373
-1.8748592335821843
-0.7633267871917362
-0.9124932502880098
-0.7378314603696142
-0.7000743138229435
-0.18495349471516634
-1.0503512694650416
-0.6506473986692616
-1.256172183806145
-1.5520111534977024
-2.8101090742328907
-2.6411977517101413
-1.7064850400529592
-1.2042091977503455
-0.4696936141274237
0.14529872589416604
0.07063091161527145
-0.009162168891532133
0.2937227428902459
-0.45296744103425507
0.09139489804044139
0.034216810985884895
0.3715060783665302
0.10805710310266156
0.6516227756049993
0.06437737115117038
0.29172086378363205
0.6829520345060476
0.06992160416918859
0.21917175488560098
0.23648352725777264
0.40452771073063376
-0.4268368029062166
0.01756225195235166
0.408945926757393
0.28822669823924896
0.5015860469457549
0.5142827230666414
0.12411192231529439
-0.3607788814406176
-0.48029998551471537
-0.4778693633739479
-0.20648047644051581
-0.3104901291542144
0.29868929570839997
0.3581430016129119
-0.09275119260187548
-0.0778884332594621
-1.9941627882528772
-0.15757177324443306
-0.4794958120434025
0.2328279418018694
-0.1652703469561162
0.038187615644640474
-0.389996002225937
-0.6749268829322889
-0.8946745918638802
-0.5905056586867311
-0.48302628789456153
0.03557222397760302
0.11443301026515663
0.37296178391892865
0.2869212192764372
0.40961780971092143
0.30161459149647885
0.15302698864902853
0.2251517233170042
0.07277493803377724
0.342243194819177
0.41911881425105985
0.3662928410028105
0.027377206115686552
-0.3449306922720838
0.24776397501467176
0.3123127803073355
0.06021873637930976
0.06350755244962898
0.04738052867516405
0.4225453269585103
-0.0583634305625117
0.022044318252640294
0.4142178362192135
0.04776850554406901
-0.7268018900742266
-0.5791979818448129
-0.4376775256707182
-0.08498377531430681
0.0031537349016665995
0.0656438121029441
-0.00482324801431561
-0.10144352691677876
-0.09890189288730476
-0.48253669387104114
-0.8613929075851939
-0.48591815084413603
-1.2594764427177267
-0.6446207766956481
0.35664679102298136
0.4056546821003752
-0.0433284597356606
-0.7362043123826891
-1.4096945532460816
-0.5994922852954985
-0.4789751282798098
0.00823949613276803
-0.13111950286330454
0.1780007050450293
-0.518259015185115
-2.26076995465455
-1.8639756303420545
-0.8728552855704267
-0.00632987323436638
0.06716175012181126
0.36232711451598176
-0.009355281770965417
-0.007590005649516513
-0.2712535556348788
-0.083560387654434
0.032125954594607195
0.06574967308352915
-0.5190202188516744
-1.2461103084558376
-0.4423064112208456
-0.4348696568103619
-0.0853284701143134
-0.08575591804029241
-0.43265079004028484
-0.1080368551865179
-0.1416058421043402
-1.9784059989264418
-2.3988920570283687
0.08080812909682554
-0.07584872387697988
-0.44525120986828765
0.20214590750178146
0.2854106602194982
0.4661261146918531
0.05949314729182201
-0.4107268216534983
-0.5861835004945944
-0.18244900809405554
-0.6387064033814103
-1.7649534928018884
-1.3992424281057132
-1.205835668882437
-1.2572953868544923
-1.3951535727400388
-2.592399422200622
-1.6567802553039386
-2.276677839805674
-2.5751181193794896
-1.2244657861482755
-0.7316705464788857
0.03242126708055676
0.04764165812725461
0.29458277466812083
0.4369713534198783
0.24661386130200944
-0.9268629452161363
-0.7321116127298959
-0.07909734610764674
-0.07861583567528763
-0.4570204023912167
-1.8440241165660174
-1.2046079953322326
0.0696851084602701
0.1474560901294607
0.499442600015616
0.5733690598470327
0.437624306325467
0.5819490806913997
0.592237661996975
0.9079324273913362
0.7122018048131792
0.5735992865493258
0.6479862932462414
0.6718721419877441
0.8232695497149659
0.3425511299290758
0.5914317888083798
0.5873643230107963
0.49670875945637516
0.3381596710426959
0.4560607222561724
0.2170496511324123
0.4180779852019774
0.400090166307833
0.40519946628212866
0.56191588536085
0.0286341033511904
0.2926117384034711
0.29166431167267476
0.2108924253337894
0.3555341121377413
0.7169787427822351
0.5554978370353908
-0.10831332792634234
-0.044750060112511064
-0.6462066215465188
-1.9483296291389456
-2.5288980104768335
-1.2043396062986076
-1.2569344520524175
-2.6540382716032065
-2.7289294800842385
-1.2296949425531944
0.03399098246728724
-0.16613344055869664
0.053913304575035945
0.3815374063257534
0.3118924020647557
0.31400255053528325
-0.7216794991765472
-0.7967480380604821
-0.42337684460008523
-0.08886766835293608
-0.037590374169456535
-0.09226990949577288
-0.853514968365725
0.0006346131195878413
0.03072214940837481
-0.476288247098025
-1.8079440088123886
-1.0741786427657485
0.4585364731505613
0.042625496645256084
0.3755137180623702
0.3758473950226668
0.986827569332704
0.128219125259019
-1.2323022615740942
-0.4944085257490103
-0.19036538237140474
-1.0248022481109238
-0.09784735969271814
0.4280519493806131
0.3683048991777388
0.4312884850867029
0.4584755931950466
0.6723546817707139
0.41646244820380235
0.44981815570732603
0.06956006501832886
0.47676309771485914
0.045393399944263786
0.26338762610750777
0.055653347979221245
0.05517073312754976
0.35240743172422245
-1.1965064097512106
-2.0488545315588045
-2.6663301917984854
-0.7617942206357826
-1.6194050968573543
-0.22595191544572885
-0.14120579778883238
0.4983170011013642
0.10295620787803438
0.43281676697830407
-0.009630757237771353
0.06492213780074328
0.014029530044186148
0.3351962798529712
-0.6779487429373574
-0.4431531457444052
-0.3316529112196672
-0.8813552678493766
-2.652842731969429
-1.106385427559432
-0.4235643449978179
-0.6757697050569197
-0.4900900379956768
-1.9328870468141364
-2.36992960705877
-1.4242627019707468
-0.4195122449053136
-0.31790971373348503
0.06795639887113099
-0.49936253393932883
-0.4580147440210482
-0.3231851028757222
0.03018091033470837
0.12933333411471015
0.11586285426011751
-1.1063681368952074
-0.40004709431993496
0.07759410575601484
0.01761463322430351
0.2669833136417251
-0.033286045747556496
-0.3691458910908741
-0.9242827820305369
-0.8913735061130446
-0.7332422161570976
-0.4705954077367318
-0.230317018800532
-0.6404508360779259
-0.10248394821334285
0.03041624601361815
0.48907209607617
0.8310383680212231
0.7801807846418014
0.7115164843059398
0.6915034812638696
0.8876397860936054
0.5874958124641684
0.05931617043960348
0.06996204626576233
0.03990872168704052
-0.5749936130497815
0.14337700218680446
0.09860655379751886
0.03613427295412581
0.7650031029014815
0.37711907222713276
-1.0313519462976233
-1.7148199174525498
0.023234027739517896
-1.0087152807768431
-1.255550172470879
-0.5895555620415656
-1.2471890250011457
-0.9138759874730158
-0.10644344359999035
-0.01382015755466984
-0.33963923077601854
-0.843750120150635
-1.2086342099326368
-0.5937073877023448
-2.1836616345432254
-2.6855727526193762
-1.7653771622238055
0.07902914654089803
0.4438701062320748
-0.03347204404890837
0.206873219378524
0.20704873966523066
0.5658760447936549
0.41229401037476443
0.07720526632332238
-1.2598525839426504
-0.11191575503932882
0.5585373051218732
0.322036351695292
-0.04715065125588877
-0.6082808743442563
-0.021091281162788546
0.10146712346259977
0.17134566418069574
0.463082296603813
-0.041191623023995955
0.47811669643333826
0.21246410641363667
0.12234424123840196
-0.04732083645083252
-0.6060353706787039
-0.4840462284966241
-0.9129496962993405
-0.024760573674159115
-0.013958556661853048
0.5281119893431289
0.02363878174902504
0.6690469455900987
0.43291111840092555
1.0595021480539348
0.4254033065096995
0.37988429779784494
1.4511377346043064
0.033313559784635564
0.5457358983156729
0.6454976695745012
0.48214295141146163
0.5640708598510217
-0.05256052816273671
0.519859111302184
0.027920582203123694
0.0019242722189565277
-0.17869606853199838
0.011680249553891122
-2.3662729998442664
-1.2782362711221584
0.05195412338763072
0.13812503078568192
0.1806442105345075
0.14375959905895455
0.4585351408889042
-0.6643905970642083
-2.608180662420704
-1.2089925989250072
-1.4159678489268253
-1.5082645924268345
-0.48726455286619275
0.1492991494107052
0.6410608220782388
0.7077061553337439
0.1651563073101228
-0.44635688772652915
-0.08428133835447937
0.312289675903808
0.4050986370288794
0.17701413021084247
0.6400250128501925
0.4145014240941711
0.5832372791364018
0.02877270570123612
-0.04418023206311341
-0.4840785799511616
-0.12152812437083263
0.28782847044127957
-0.2477788060177546
-0.6028481136401059
0.4242103441714513
0.44314720679118763
0.3289889205134422
-0.22564213321182555
-1.0468992859630764
0.15326780540957416
0.8164367491219434
-0.3761621255045803
-0.4215091880770018
0.4600502186313007
0.45413429951781725
0.5550269209116666
-0.23367046212482498
0.062101047567419285
-0.007041402119073418
-0.012354844054216703
-1.6400558989070708
-0.0023779768449223413
-0.3868518059149233
0.4208717625261482
-0.03875575928417488
-0.1477064515605623
-1.2460013225678375
0.0821165682640086
0.5776588996416219
0.5274982301409843
0.6175533549574932
0.4367593277706351
1.3088390503106746
-0.1571065367199472
0.13322827811443677
-0.40637794348929934
0.11454499505844419
-0.40232165895980204
0.9335318678399065
0.8485311248950236
-0.17676305848374363
0.31185780905005855
0.28986667569190516
-0.026584539404166344
0.33464562573933065
-0.3120288344218119
0.45415655338901506
1.1204487383904955
-0.04173905817124826
-0.40168699068249997
-0.8895894179659886
-0.9803693512002207
-0.43877434464430404
-0.4747121313576463
-0.21254931763483176
-0.127569902372684
0.1762932672264028
0.1685228567012801
0.25223817431388973
-0.22518075100526935
0.15751773894699694
-0.11132249709199743
-0.07884595980505556
0.09266992070606979
-0.04311576881602837
0.5761365538307336
-0.19002360366031076
0.4770495277475899
-0.22893849165274918
-0.3507382413468828
-0.1611024315685768
-0.03794731035533596
-0.1288920089241825
-0.10375143073446783
-0.3387682836441932
0.08785471844215875
0.24396449234036688
0.5965440747303093
0.3521921946524114
0.6070298832682413
0.24750119461985928
0.617159935259315
0.61573355726029
1.0591195944293368
0.8337720046540887
0.4527795388608806
-0.4565827227465236
-0.001257777105753655
-0.3194471099771445
-0.08027552942270316
0.4186461677295333
0.4987456322967905
-0.15463437919941986
-0.7992346001881196
-1.4167435613772346
-0.6145947634240375
0.12710910732516298
0.1330490157356889
0.07007919444770125
0.17409445230066833
-0.16093714327768652
-0.3335782578013223
0.11025122537502013
-0.03137551518745402
0.08204393703292397
0.5059097807989869
0.21671824057892897
1.0742171249628443
0.9468349160444487
1.3160589216240521
-0.004193310964218936
-0.17905361644927997
-0.3961698245327844
0.0709736996416927
-0.16811148835086226
0.19803098594765012
0.5755245454319531
1.363474822307054
1.2927624740005506
1.277648916673459
0.6094446680190779
1.0873399614350134
1.0793091854012082
0.4200373839265843
0.4114783886154011
0.39660324560964516
0.16678113478855555
0.19527544140741465
0.4172709051505553
0.0513043097440317
0.030658254538801548
0.1745587787260007
-0.16804897798817192
-0.22163437575377054
-0.41016814954436936
0.014895505434756214
-0.7238474305592495
-0.005499427863713833
0.014223900673445592
0.21178558029079936
0.24127181566186026
-0.009781104396546555
0.05511649946848332
0.10854621070046853
-0.014100092483514959
-1.0773938367891425
-1.5208802282433633
-1.0244121555117538
-0.6843579573206182
-0.41180248704872247
-0.15163989756049787
-0.1561346283472568
-0.4866172248633201
-0.6717001939967052
-0.35191666149915934
0.27709172127289583
0.2714460017737713
0.18122980626561624
0.14883385217152725
0.0318064300661838
-0.006486509682917632
-0.2598853972272537
0.10279995319957205
-0.3152493866717247
0.4021990595077519
0.43503469957036967
0.4333297062544875
0.4616933274042203
0.4347688459250446
0.030722558022779376
0.6240243795934902
0.6564410772228036
0.5526840709333953
0.3983537981872227
0.7583715666677227
0.6959744839681922
0.6894842719919723
0.14081390460818563
-0.08931464019738844
-0.09683124969305351
0.02188078445512255
-0.014166766451778993
0.012158686708134964
0.014516687269921188
-1.2022150537125051
-1.398466926814506
-1.7881184900636922
-1.935642320184004
-1.9336666264191011
-2.6152091661350476
-1.637803640444577
-0.7227974580465842
0.11364979718388415
-0.04441522251296435
0.08700292600970291
0.040748725788274036
0.14394091007687718
0.4865687994728012
0.4356868946765854
0.6350264799997185
0.062328084801111946
0.1804584948151916
0.016368892418076365
0.2662192603439371
-0.01948567858561602
0.0612742082208421
0.27429553245597943
0.2916666252339837
0.023296530011634065
-0.521819772245908
0.015816331983901644
0.04498777984755882
0.370431024473053
0.47044055990104233
0.5598473565317713
0.4979475116878158
0.6480980511355199
0.5615284180570354
0.29413150531228144
0.6474556116597472
0.29689041123316756
-2.424977976318914
-2.4374953387956557
-2.4946318624832955
-2.285292283749414
-2.446744720251841
-2.318243765389592
-2.549479432804417
-2.2897554638273316
-2.3197220265835754
-2.3043881105199846
-2.4336868752834095
-2.5322651065346546
-2.5541039593135375
-2.5488923659122182
-2.6101446208403583
-2.523242568934165
-2.4345005733487435
-2.5321197705485776
-2.5319290510949406
-2.439853853616119
-2.45556364314233
-2.4226686714796264
-2.2389824113536623
-2.283101633304415
-2.5760746845348783
-2.457491953043421
-2.592038677483125
-2.5155245425959514
-2.3338723183455077
-2.6259628824449184
-2.457025172965122
-2.4363448102759175
-2.4761681914626896
-2.3689672956627343
-2.354706017747155
-2.5832878243246986
-2.6032489860231096
-2.544073350499014
-2.5254175604532962
-2.5940535498922426
-2.4336479242694256
-2.3433300746745354
-2.4732940479378094
-2.4626328457251705
-2.4427477539911067
-2.450795428902384
-2.3392373068758174
-2.3552394758796256
-2.391410121506892
-2.430184195311446
-2.382388991695619
-2.4595295108424478
-2.481268048247838
-2.6451575094411295
-2.641934177966454
-2.483056733106197
-2.463362709037651
-2.554907379195081
-2.4060600254222853
-2.4556320203096687
-2.4685160291478048
-2.453160753012624
-2.461638206786878
-2.4740803718432334
-2.4417225997768406
-2.6439559585331383
-2.3856966169783087
-2.4665635640742867
-2.498321965542014
-2.511875287246347
-2.644967818827386
-2.663644532884147
-2.6501993838120947
-2.582721292574004
-2.640208221693213
-2.63657523568455
-2.5963574675892804
-2.5638002297187206
-2.4908986790256527
-2.4710234793575894
-2.538116173420738
-2.583094478800088
-2.650624181567192
-2.499685855616342
-2.62417848796944
-2.4943890932361237
-2.387245765859706
-2.590903252157146
-2.477549364451107
-2.6308221992087892
-2.358711911231363
-2.4608730767975335
-2.635064137119199
-2.576520990855366
-2.617499565639173
-2.497075986705929
-2.6200694668969575
-2.6577818121465757
-2.6375086575517597
-2.578592708621456
-2.5180801031774873
-2.4703434004772142
-2.493558863405423
-2.5653448864983512
-2.5728909700653877
-2.6632003519278276
-2.2937721962341535
-2.3582661966566465
-2.3245697449860647
-2.33535661741422
-2.44773456911776
-2.5701791951106134
-2.6395167948814926
-2.476282654126886
-2.478863102320103
-2.460045754948995
-2.452884938227863
-2.4518252818602084
-2.47402711000693
-2.4648298592185416
-2.4864633840419743
-2.456508064890132
-2.529073009845013
-2.50160222393399
-2.427564435325147
-2.4182312329761344
-2.4186383061630834
-2.427506548138473
-2.3915339243335465
-2.4795779362697123
-2.4245918096026133
-2.4395987171781823
-2.4435873254472287
-2.5010461445452132
-2.447084128772927
-2.5021421958494816
-2.4972379215146256
-2.5560683427032287
-2.626154353399596
-2.5912982595738856
-2.4894198461749593
-2.4840320665477997
-2.3562455225157817
-2.4942947671235665
-2.469502256442282
-2.3113452566205206
-2.4182474779444876
-2.6023543694269016
-2.420876985916874
-2.537899455442886
-2.5452676404398993
-2.4559408461686414
-2.521685979219778
-2.558323529340555
-2.5392432624562544
-2.5839223799630218
-2.757951439159722
-2.5535246892214696
-2.536566213731363
-2.5299358977156396
-2.61133120647523
-2.6137374928332706
-2.5791274999985045
-2.4570560096994747
-2.4449370063081184
-2.443669150107118
-2.5980621150736005
-2.573352055925445
-2.4702096474746065
-2.479992702908581
-2.4434004634799704
-2.5500018297242977
-2.47374546976949
-2.444249142251581
-2.4344640306294147
-2.4533319539620932
-2.417212622977102
-2.412853702104542
-2.4213944834424783
-2.421497789694794
-2.424074883988162
-2.430264998305124
-2.4289660143441503
-2.507686660870623
-2.4408364174545536
-2.4796974659109003
-2.4509110223932087
-2.4788268279590704
-2.4690370075416275
-2.4737349547850815
-2.424741123655514
-2.4468984238512954
-2.482870032247106
-2.510404418143786
-2.535568781907852
-2.486299751802475
-2.48759281801261
-2.494108708748753
-2.4814332539197
-2.496418713355619
-2.4754292278496504
-2.4753708608815987
-2.455721495597907
-2.495197300487592
-2.466846601767589
-2.460800825212062
-2.486726253764407
-2.4648845016931844
-2.5090506960495795
-2.5032331589983996
-2.5445542297535013
-2.6599433147333627
-2.6674819104986325
-2.5499665880100006
-2.6417284912776076
-2.4521922042115425
-2.419924061315475
-2.5088873921384334
-2.46496411610923
-2.4564588397190192
-2.476522569162848
-2.4608249137555136
-2.492993473313865
-2.4809672313562126
-2.4530496143742955
-2.4621567855750808
-2.4957265174741883
-2.4761275570293177
-2.465045829712624
-2.482793220586837
-2.505355679884401
-2.4568416674801745
-2.6344459124987845
-2.530174101340909
-2.5233004709057045
-2.501306112465652
-2.528889255309349
-2.5191126501709435
-2.513760617682436
-2.5079393227510316
-2.488991036476167
-2.5030969976087185
-2.4746350780964215
-2.4778174832428213
-2.563333772129469
-2.477161053086142
-2.698820359972843
-2.563485683032376
-2.476456873570516
-2.46963988813359
-2.503709332799781
-2.4686766718304267
-2.4778381849150555
-2.489730374972722
-2.4703769566823377
-2.4698859936407693
-2.481657269194235
-2.4869681731473507
-2.626127579100116
-2.7707179090264358
-2.5701387350051266
-2.528005431923787
-2.483601384734337
-2.484957362288567
-2.6209039596925474
-2.5800156873534363
-2.3677277537362618
-2.301909922209542
-2.415864857988907
-2.4330283860901956
-2.4100759934981157
-2.4050396876849383
-2.319637744883313
-2.3997255249030505
-2.3898030433423276
-2.3975377322661475
-2.397033530119877
-2.4104243230926623
-2.4007662892675
-2.4242934656683395
-2.4517640860288075
-2.152048616884413
-1.7869341511041104
-1.2646313052895435
-0.9663259493135278
-0.4977775750986826
-0.12486899756818048
-0.8912529939325066
-0.9703323161642127
-0.6929913582555156
-1.7980877264106963
-1.7823278476229432
-2.645517330143631
-2.6459565069955513
-2.4775030132169005
-1.9268874988593139
-0.5741561746497362
-0.3982888847169504
-0.22517653217137396
-0.38781946290278035
-0.027681392057596912
0.05309302345087414
0.11779211286866856
0.038661238632956146
0.13306613742336035
0.01910614405520171
-0.15554199682157918
-0.973039732010694
-1.017220091156946
-1.9029120584280566
-1.8994407111067844
-1.7131027120353535
-0.6506719364582598
-0.6702523959111566
-1.7234273303089478
-1.2137554516910916
-0.8696015935883425
-0.12198808037092032
0.2807891628027574
0.39084307335414764
-0.2710941186615838
-0.40153869281580223
0.015079660190540153
-0.2157858631346632
-0.24259981481772386
0.40997952305760654
-0.05005361750538248
0.04978524114147883
-0.17074894106548213
-0.8704176260947022
0.1749912810605114
0.5412783492413102
0.7435396328351049
1.1101134984146377
1.100717061524358
0.9491387715701918
1.1624676979449027
0.8983807002467886
1.2179260476417242
1.2778146292519645
1.329656578065493
1.216801490003038
1.4846301425032058
1.3390239402785808
1.3370543972751685
1.3410680685505403
1.5751955099529815
1.823049366299454
1.6869136955873942
1.872275296248963
1.9016995296648642
1.315862210089659
1.8149234720928327
1.7977165283209473
1.4603061506103336
1.286718286025349
1.340098651802935
1.3164315193026133
1.2281755285634297
1.665599476265546
1.616055535727965
2.008989952695858
1.8109790377048816
1.1611922113815691
0.29262560318187836
-1.190494839076459
-2.5009077796013064
-2.4408867403031844
-2.6351702065175755
-0.6734395532386264
0.22692014704372954
0.6385163280767896
-0.011671578663971418
0.6065388419253224
0.5864588490509783
0.5455096272266631
0.8427724153633784
0.5091088256029628
-0.04869225748327563
0.15842446477060024
-0.029908226538958565
0.6087619406240109
-0.11334456702332835
-0.23694775824227643
0.14133224230853408
0.18670336710770022
0.6706092936727315
0.5601978557830746
0.6653462724305633
0.6125706359885863
0.7437697600039832
1.1139801751209173
1.1875579435472727
1.292311823662829
0.7400113773631363
0.960013409190605
1.574388619612489
1.3930933437904451
1.5127627807654291
0.8962765732663946
0.7610130714898332
1.0077134460345865
1.0643455018205126
1.1718703227759997
1.3613473490881485
1.244739519063379
1.4983813468863865
1.3409189998361588
1.5088129719082137
1.4310854283325523
0.6137691135541394
1.2184821830741697
-0.6347270121794941
-1.05827964985379
-0.6172458023511121
-0.3445796148333405
-0.3035102091542742
0.015800297615555365
0.5148223371651666
0.8346316501743458
0.9029781800854104
1.199138690403714
1.2997512269156017
1.5524304286837614
1.2360871174438162
0.4638686094217374
0.5009870050001459
-0.2986664988798273
-1.0036505163719953
-2.5218740564339486
-2.3638386776511493
-0.7292666074548665
-2.099937085913188
-2.6055998143975136
-1.6086055448975862
-0.49780918131950574
-1.6924555834942552
-2.7260385230447337
-2.549021706345358
-1.7158495885458658
-0.36515813862564284
-0.03457810155692885
-0.024828162675682424
-0.021006015377396978
-0.4494193019733747
-0.32790242796586777
-0.20018133755369094
0.33128477642184995
0.7305810225376703
0.9044226516687917
0.8540225553979396
1.157098508293295
1.015627916116796
1.0826539105326982
0.5473228630805127
0.827362010360168
-0.1250035184087377
0.25877276363223456
0.6963846487701074
0.20290246749644397
0.6381441070220188
0.7454378595505411
0.7237341653749486
0.5714768247595275
1.2647022604000782
0.8155051915127561
0.9022861785363894
0.21324859966198606
0.5015211040250813
0.2686089400884172
0.2715226956302354
0.11476296676837171
-1.5108601258541476
-0.8019641357771747
-1.1851764277833705
-2.433229197071838
-0.7827899522827229
-0.6026847284569805
-0.43651872414245424
-2.3202822461196897
-0.9171293176175834
-0.9717771838648355
-2.4482765083272495
-0.5007456540024573
-0.16521803647361655
-0.22455207062788862
-0.05167179662014235
-0.7780339632887568
-0.7321848758356908
0.07080778373670288
-0.42553758215817095
-0.900715562067095
-1.926019542799912
-1.3299134504254315
-1.7959120851756627
-0.2565298008524628
-2.78536337064823
-0.7928853908411054
-1.8054552581417151
-1.9316072451183695
-0.2644831657630613
0.8573394646328985
1.341480644739683
1.4777264576676878
1.4792971625851454
0.6809337703247319
-0.008681809198151726
-0.7348413211674613
-0.48020135208842846
0.02228010872960114
0.7677190307849497
0.8154377246972598
-0.4879105740189272
-0.407151711213189
0.09139852693874198
0.5783403738192345
0.9428428539038699
1.125841304280585
0.9052911204358605
1.2344838589119589
0.7258073009743122
1.1997387973491453
1.079903528566364
0.9166950385580708
0.6128768510538567
1.3951066727269028
-0.5015261068162585
-0.12103368434510825
0.4464127774644751
1.2047201415212796
0.42419102544506343
-0.2282982493401552
-2.7613513148337483
-2.508110755166806
-0.7233277166934694
-0.17684783330750053
-0.07203161968890127
0.39959484476138674
-0.13952840965251434
-0.18304470333770786
-0.14934226991714128
-0.18141692777944096
-0.24372529863799036
0.6167305393476665
0.6479422742863521
0.0027759866797861846
0.5049809779337758
0.8018845241028745
0.5591263179403556
0.6355078076908841
-0.3088567224965586
-0.6012408219247658
-1.498037036025722
-2.131731436605576
-2.6907239388491733
-0.9025953938609922
-1.9277404905410631
-0.49504385696667985
0.41899886893855737
0.6543452860852111
0.7564564771686381
0.4905314685505011
0.49377783565295835
0.013380829265645072
0.48420541703042186
0.8155454095948935
0.4968636966058447
-0.8915765378334063
-0.5063722304703636
-0.18272038877429506
0.08674986265679968
-1.9620230934068108
-0.45310356628015325
-1.016523939392548
-0.42731963565020525
0.4069985334672087
1.032419884660253
1.1302019946072295
0.608306614877656
-0.13875928262037582
-0.3529361798107345
0.046031471527602966
0.4065681812442618
-2.3998734591757467
-0.4442356096126126
-0.27330930755566757
-0.4553182179111481
0.37532965122905476
-1.864654796296922
-2.1823223090550146
-2.4866582869994187
-0.6770065270030503
-0.9596715170671987
-0.678161029125047
-0.5286772990692613
-0.20353165226855743
-0.20387214193938663
-0.36472730727340347
-0.16743616814083012
-0.3139954173498017
-0.028070283599273476
0.14547972582504415
0.24915567847381975
0.25907545237113816
0.14709133302733635
-0.1652933760492835
-0.1590262762539933
-0.2432992372351762
-1.2051904711152899
-0.3450553995879184
-0.22142218931440566
-0.5869663600612344
-0.15811419966889728
-0.7301186177931567
-0.575750599488907
-0.3005931076344003
0.6362802485858018
0.7189366052665166
0.7712141925679529
0.5845501388150905
0.637955355629959
0.15462571094016953
-0.4085820080664963
-0.16263837129621284
-0.029568441005146044
-0.4929021423334557
-0.10419916643938182
0.33865729108008985
0.37882041572165265
-0.3020994289187016
-0.5123067196939388
-2.48826489066722
-2.6570521057665917
-2.6892649768764105
-2.745894503618241
-2.7575340003264563
