0
0.34187625285879564
0.29141836281391914
-0.10755943823924492
0.19197260307307484
0.3592476233313852
0.13499771948690723
-0.0552027197513648
0.010364927341243904
0.08332467412499726
0.4445811555330704
-0.39050589607973707
-0.49337305909240153
-0.35825313971422285
0.2917404876171201
0.11108028025062143
0.2711493820033213
0.08291255627638723
0.12049740653757872
-0.1282249199797683
0.3883037542608325
0.639472817690729
0.6477824758831623
1.0324000615215976
1.113227311811099
0.8794679240979202
0.8270078530599794
1.000780107643122
0.5485102504088357
0.1685440294083568
0.26090593624561365
0.26454817053864105
0.6416150631182427
0.45056152152559903
0.5366876896522196
0.5543078337680264
0.0578511822196386
0.6672220074153619
0.5842358483859691
0.40102631140889405
0.7780791921413044
0.8211810025572445
1.1432088369466877
0.9633769895038665
0.32735996531606193
0.30916118944193194
0.05420761026633991
0.4453740684076232
0.6471520054679553
0.3967260826237657
0.38525726000620125
0.30003505577741485
0.19015809313502383
0.043175781714108324
0.08167429894455605
-0.03976281433756469
0.24959209856779033
0.40622023463883833
0.0430482893019269
0.9025594972702613
0.6641436767382466
0.7016859986088111
-0.0041380989699124765
0.019726707511082686
0.08445252016886878
0.34790815285351107
-0.163971397534621
0.048824386440266945
-0.19324886629089255
-0.6068813344670801
-0.3792099911238879
0.04417496022406221
-0.30539235962352873
0.050054507492305604
-0.10773751894912909
0.4063332987056938
0.07072292606815729
0.12325139382985828
0.7442063548051905
0.501377354751486
0.5069362625987591
0.6125225485164875
0.37411135200818924
0.6020597224718097
0.5138606201350192
0.7151707037041267
0.9987744727259061
1.4902280298003556
1.2283124971220611
1.2487651899164476
1.2291643192215453
1.3557454516821008
0.9737166023345969
0.4248499346206864
0.4825738287624554
0.23157714329155862
0.12825251217611977
0.45628013605121787
0.702117747904749
0.7455990536174562
0.566943836146398
0.5688736181178774
0.6097089278267677
0.4685407718181739
0.5329725739305471
0.4944929936814424
1.203613738743381
1.3442002335832872
1.1078922555697261
1.3708633801144665
0.5913304008122244
0.39119461214174556
0.6167877832025416
0.947564001066121
-0.07886901046182128
-0.17317092773406462
-0.3660108577581426
-0.16254559447432926
-0.18435283289844367
-0.004642300184092382
0.061103565892669374
0.17163659043176016
-0.05755141288659177
-0.47730957264959456
0.006290602777636101
-0.1395490114726049
0.44116748004941525
0.47325046485276107
0.6698110972007704
1.0118158777336506
0.5242909598944147
1.3994589460324993
1.5694911711841848
1.2487615729816677
1.543343320049513
1.3349929140961243
1.3883833698237456
1.0568963690042823
0.8849177458134206
1.3472391932150212
0.837809344401498
0.9150659106633464
-0.9497071439302305
-1.201898939980093
0.2230686577417475
0.8682448921032487
-1.183573232733376
0.6401289769015969
-0.009227760302801868
0.8703083841636328
-2.223184646973472
-2.5049337061238304
-1.0441860768388327
-1.205427799056476
-1.925377403817698
-1.864359837341571
-2.289411142194548
-2.220955480369476
-2.0896252587998694
-1.7848656773627969
-2.052693784667881
-2.8279808813882794
-2.2573782642065607
-0.8269160125358229
-0.09416179822157973
0.16693614209684482
0.08716163446093561
0.8725437131194281
0.4306793124334608
0.9330567860712755
0.7438510719094586
0.9205366987185052
0.9918438572659652
0.33059604709465384
0.994007509384676
1.0699864579206098
1.1345298185596657
1.1878244489915009
1.5650306427793426
0.9113907663029583
1.1447089715570002
0.8028156301430494
1.1036675935613096
1.267543850518599
-0.009134545177983277
0.7838986615435881
0.8935199842558474
1.068116518008322
0.23581680258254883
0.5932978862666959
0.528792986931744
0.6346054012276966
0.9261427664939257
0.8297360612975265
0.7544838584443795
0.5113421120674261
0.07563907467292234
0.4364119321030812
0.2645732544636307
-1.4112559033187457
-0.23854632953220803
-0.37607209930110097
0.2678909551469984
0.26951033135639696
-0.32092916633354396
-0.4062137279803805
0.062229395194426745
-0.077541525817656
-0.07141712310016525
-0.4700482532423322
-0.7523447297603385
-2.608551907201736
-1.0766858332026628
-0.7173675061903966
-0.04145985572316502
-0.17609904064728055
0.0017593619547918993
0.12777848373763467
0.3382261605157771
0.4002171829550497
0.421638094756671
0.7187458802855755
0.7371913056915141
-0.1811624320846796
-1.9820615833843511
-0.6395454502018426
-0.041349552052735716
0.0025462910257281982
0.9641046641093762
0.7399320232806265
0.3190042021735225
-0.1876005025910334
-0.851130988776474
-2.14721633647395
-1.882204584310096
-1.2489867463941575
-0.5041734429179227
-0.5672301634612507
-0.17981867718241068
0.1939044000688245
0.2004984390677193
0.25207361293270353
0.4670834396174575
-0.9533140911649716
-2.343460168957303
-1.7862605077934641
-1.5663976024334925
-0.9298281346771434
-0.6627275957767169
-0.5864276399854293
0.1290696128679926
0.3217538519987273
0.47890669421673526
-0.03704678206992809
0.23286992986472727
-0.9995358867500203
0.08156297884798228
0.48091087649625114
0.42306971130522536
-0.43326660701220715
0.5532147020480119
0.37990303514673923
0.3383095614764345
0.7177259334056113
0.16731222887219832
0.08619583004767231
1.165470305370034
1.2470135355895606
0.6586100506082138
0.6737952365414216
0.017679496791568966
0.630572342342238
-0.5935427787413224
0.19003904331078483
-0.10619144286670446
0.013324134104959804
-0.6297814553107594
0.28741008916325905
-0.5377420423615351
-0.5104292441846073
-1.1085431202655542
-0.6988957742964362
-0.8467550844474986
-0.8193431117099411
-0.9324491249177929
-0.4832721768093277
-1.2185461012683017
-0.7192107557314716
0.41868818353517734
0.4465900929683688
-1.3163709002880544
-0.35190429661479816
-0.365477553241764
0.547938532986276
0.6596102209747322
0.4969150024509645
0.45631891096545674
0.2759440809851311
0.7093055087850102
0.7862396640593876
0.816633407264252
0.5830873891876319
0.989880982931254
0.30337917751807614
-0.6094472065078613
-1.4231611876998198
-2.3140897728447962
-1.4771505781999208
-2.667283629398441
0.1253898370127597
-2.813318575257288
-1.7807351017048538
-0.5027003335926917
-0.4344537629627453
-0.1124571306816037
0.13328313829977986
0.04122719103773867
0.49454472527462445
0.5484394044587374
0.643594347123541
0.38664031363082885
0.16140245858598443
0.6052736649637829
1.1852519331602638
1.43155829651666
-0.046112721195271655
-2.5268882260353114
-0.38520387756291247
0.04870254451194775
-2.923125547092411
-0.27394586813283384
-0.1774353056836422
0.12877856556129003
0.14223388486170874
-0.3455146932176726
-0.15836803608222433
-0.18228525053652675
0.1389517255488886
0.4496220949240598
0.24341554004505198
-0.05575203074036447
-0.13836370241698814
0.6452413941852164
0.856649866511356
0.5455625768059569
0.5991298807790785
0.8240673515349474
0.4021732232934053
0.502183707043175
0.09970046595442075
0.1468965772129322
0.165640602065319
0.4387206173229509
-0.13111949883161797
-0.5046411898980484
0.037750477170851775
-0.2704780905511317
-0.13598903055118308
0.9605079942165224
1.2711836049780008
-0.39777899995776766
0.10666216831321285
0.5783863426562718
0.34182959111734257
0.40474307286750205
0.456468192514478
0.7698596311787858
0.003541779970380042
0.7742498066202373
1.6873244377902548
0.26187946332272427
0.5844900116840352
0.890024342128796
0.9266738958849979
1.0457159692179252
1.1584964540331841
0.3988235433865773
0.13496146388599506
-0.25194881608523634
0.3291881367150605
0.6418599156164616
0.6683894179843184
0.5248449465828775
0.04937895389990296
0.5976245669786876
1.21339418266643
0.6605168848479412
0.6341260249326403
0.8854290970773905
0.6728414674670319
0.6128659059792196
0.738978789488731
0.6853566225487053
-0.3278375514561774
0.29419589463817364
0.4768372935451829
0.6684021251678627
0.608240684522493
0.053021920734068285
-0.7226194254339892
-0.17903969765219377
0.49293343920211563
0.683224392979314
-0.34011441488612004
0.07479106968388452
0.06692465530940983
-0.3436215361423719
-1.7044340013983448
-1.868769168371681
-0.4105908761590955
-0.03569369253331183
0.09515096425445342
-0.11978540664442705
-0.5504082827773389
-0.5321479046040458
0.10596656550264974
-0.3105339118402253
-1.558129602462513
-0.3784926122283979
0.09520913526605668
-0.043472004717117915
-1.616264553782594
-1.3835860480017266
-1.4550675007169627
-1.3297443098448263
-0.6260956792336062
-1.3393383442460105
-1.894053816375266
-1.7548125549916858
-2.3207553260855778
-1.8795929645841514
-1.1684408794122416
-1.0120481147589864
0.08053171580932009
-0.3009214752700812
-0.49643379981140345
-1.2315119712522318
-0.7064357883438014
-0.0170260513340744
-1.0200542341360217
-0.6724276368511551
-0.45611493480574583
0.05103393042545214
0.5618445460776347
0.10379334938586354
-0.5314632982298227
-0.41237548678579317
0.3353624026404892
0.7474943035182287
0.5347229048679663
0.6967183887045468
0.8574673869726871
0.8281664228781491
0.7331017536446162
0.2457594078557782
0.7051674878128181
0.35140934641793137
0.10103612768202498
-1.0870276982618488
-1.7098466437038093
-1.3710019596044152
-1.4744191710795254
-1.7308623733172954
-0.9818382050861569
0.1762458173497557
-0.9412602783528667
-0.6644204127202561
-0.33028316293393745
-0.3730854005648262
-2.566436302814571
-1.2978438240446222
-0.5536680473348851
-0.18371866641385126
-0.19799100233788539
-1.205202055602619
-1.5140753683937764
-1.318661763121744
-1.7101916067714718
-1.8304087395455066
-1.1689163571855041
-2.6159130311249124
-2.584601695618227
-1.1009676707024505
0.19961198442793332
0.3189054662549634
-0.16602341294810535
-0.08268129724689743
-0.06006893909666164
0.15177818031675178
0.025957253052737977
0.9366295939201295
0.6865822863843666
0.436241161303951
0.43027535342032946
0.253778320411297
0.766924015801544
0.4730456871201867
0.6488425044317971
0.5183949222011828
0.18052609082427706
-1.0710467588898411
-1.1716079070132062
-0.5448409193531788
-0.11984562388825809
0.11216805526454078
-1.3441969370756566
-0.7130795941530736
0.5767765205805828
0.08570368260638161
0.5920671769781239
0.2193160663743101
-0.29964640025721956
0.19430749938561542
0.46045739410312797
1.3163039418566118
1.4144963710701781
1.2918859651585646
1.1437508883626066
0.3149081002544418
0.4997549522291077
0.5991142796574386
-0.14701107930282337
-1.8649612264342983
-1.0430357515757165
0.08325343406857445
0.9836601736437787
-1.3493253666924698
-0.9361225564477225
-0.4326532261189602
0.3268615489144642
0.34390181523483854
0.529984360580524
-1.5893905212973585
-2.2941313342641894
-0.45062667288358527
-1.3931292878097246
-0.8625753634436016
-1.7972271716922081
-2.771935174942966
-1.1776908328076983
-0.3319674371128888
-1.0333058089004905
0.13272192794805707
0.3937030709257694
0.701250852243104
0.0997979957963721
0.3328981744567875
0.5580742143782519
-1.34216347120936
-0.12042613395295373
0.04148153404469362
-0.05068333544897434
-0.3287599853131707
-1.9261982089942142
-2.5358766336533294
-1.6335031719152648
-1.248394515630747
-0.9271521535256819
-0.45402628292548153
-0.08368633500343164
-1.79641404671944
-1.1030212733198488
0.06950048820250385
0.22355451677054738
0.09343983503224565
0.5895246186594367
-0.21333317685807393
-1.0022657808952344
-0.984081468861077
0.4768107743788438
0.41568426621462334
0.3858985890680064
0.6338527573665056
-0.1439096609591788
0.4241701833518853
0.39136525285520496
0.1247834350951442
-0.02651343279248106
0.03392003919165831
-1.0758768810744301
-1.7407343754518936
-2.580356202109302
-2.693830900703346
-1.3094721367409294
-1.1105282735953388
-1.565513019054376
-1.997949220483189
-1.1365740283404104
-1.6839308864446143
-2.6238219432427803
-1.6511257046874324
-2.306979691146671
-1.8920746795401222
0.3540449102821948
-0.7899885213979292
-0.4806765244266139
-0.027582402109665782
-1.1883679485571081
0.2159775735746055
-0.19421555469793852
0.3322087818663531
0.8215450079411779
0.9710134195371481
0.2555984189853606
-0.14604079715236218
-1.2307605115985445
-0.3957222724240742
-0.08221751461825927
0.2936423916164316
0.0036409708817918586
-0.1474258383215195
-0.6788404805599627
-2.683449041892301
-0.9782281790453069
-1.2201617392536799
-1.0323589331364136
-0.7041284179761924
-1.0377455493810073
-2.34731088289948
-2.726744155638073
-1.345085273233743
-1.1162292577615087
-0.7992772590005843
-2.0925454189048125
-1.3476005132936595
-1.6661551913537143
-2.1444491767229716
-1.584532596723804
-1.3305305486235204
-1.1866267188748583
-1.8444470927280934
-1.492925074893726
-1.9535193725957216
-0.7711885337715658
-0.3184378595550697
0.31488055584412333
0.20707091399392386
-0.05873134506706509
0.07649836076850226
0.278081476006301
0.015194330005744234
0.08472648925685233
-0.8389667571166896
-2.85840041358639
-1.7360670227395374
-0.6575314462885236
-0.9440162604420523
-0.6517151898875888
-0.6935103769301515
-0.08897137058723484
-1.0174101296704845
-0.5102172171419457
-1.3497473962486737
-1.5749411563737254
-2.872485097284258
-2.69447079510365
-1.848200359958688
-1.2794623666526928
-0.3853276417736003
0.06060111386831907
0.023940160026370304
-0.20719072451162532
0.2892817085721927
-0.46899415142725503
0.01731135902910093
0.1355065706868248
0.45301446078951807
0.35003794204555544
0.5984207913898278
-0.07101295358760935
0.46277029305306727
0.6119199338064666
0.03728893224805486
0.2384993422477837
0.28034565820898283
0.42424702167518713
-0.3057289604586293
0.20009350252681204
0.46675025043041374
0.36567406025998495
0.5540587924380478
0.2872724853142522
0.14671996707325122
-0.26713861761028557
-0.28921041503537687
-0.6111624728331674
-0.2970401830744236
-0.1440833764038719
0.19152752426367453
0.3865577925321062
-0.3422534618945787
-0.10368658715265218
-2.1094563304245364
-0.2914950452124836
-0.4942374704072241
0.1956664619663524
-0.1509919636463548
0.09172455072906488
-0.27670246800688014
-0.7281090331693195
-0.9488791491557182
-0.7830233056874494
-0.5402357007327048
0.025308861226910832
0.03759801886439719
0.3919117123935885
0.12775920257815832
0.3524258730707046
0.2567361806396513
0.15655530760013114
0.21564089221159577
0.15482619209837722
0.3599148403214172
0.3777590505329825
0.36120724560162093
-0.06704157258383264
-0.3936209306685458
0.12817527345226967
0.4286448663759198
0.03139022427882952
0.1647793476161558
0.0015036570163496077
0.31168781988151983
0.01604181663269834
-0.012618964962350609
0.46980137667121263
-0.08506514334739806
-0.7069980453805041
-0.5957400205890805
-0.5626243977389267
-0.029955561955830018
0.03828035890507645
-0.04011730271304098
0.008448874152050308
-0.15550239530376278
-0.14672633715346367
-0.293651291112093
-0.9816876123592612
-0.6121003226608733
-1.3425058019767242
-0.7337296076835284
0.3831193216459844
0.3642494574578523
-0.14498060278505043
-0.7411114492715408
-1.4466344336413335
-0.6198988972801779
-0.6031852102430322
-0.023358361560882814
-0.1410708368596965
0.17361837757846027
-0.6614625303403818
-2.24333616675938
-1.8233842037140293
-0.7734241932811718
-0.1404200111818723
0.08380355545652023
0.4702092589240995
0.00723012552204675
0.15476072130940743
-0.2617660773548543
-0.12178388427454351
0.08698667163693202
0.2379601558148386
-0.5213584054259388
-1.3816741816064046
-0.32997743848748873
-0.42550706087421364
0.04291694210347756
-0.24894238650362172
-0.5701747235130884
-0.10037615945672013
-0.2879793317957255
-1.9575164253626118
-2.3847800572278874
-0.01751215403987623
-0.1240284132176363
-0.38905686044672866
0.3181757731905889
0.2987230166136758
0.5786790866235711
0.0675272604550277
-0.38710899714812297
-0.5040770679830013
-0.09498455901827038
-0.75178152320698
-1.7778459654932806
-1.3595001138613263
-1.21088832453428
-1.2065705947093741
-1.3892773967721725
-2.570778792447646
-1.821508169024994
-2.457881972311049
-2.394528991213527
-0.9637597704606355
-0.9234395846039765
0.03597927472259367
0.1451642688526173
0.22816682652380627
0.49236795213330786
0.1990619193127478
-1.052943868267426
-0.9002000269407155
-0.24213917510295516
-0.06952260207450983
-0.5464998119282546
-1.9661653658386327
-1.3497228091502225
0.1695008496854815
1.0740097164146922e-05
0.38648661825060854
0.5715367010547745
0.521371017609922
0.6197301569276603
0.5253028906652285
0.9943242876245085
0.6772888702365483
0.6119671708765383
0.6157489847971239
0.6906083381018261
0.8102503684582457
0.37267279466924935
0.5889906559796131
0.5422808648558534
0.5174319382972976
0.5342313708015751
0.5154351062423063
0.30075143492444834
0.37387244467296193
0.1831760420510632
0.4951272966386289
0.800555876959726
-0.07493144825892281
0.21677426564441854
0.4877220036467684
0.07667904982242388
0.4728093513039353
0.5319390870716579
0.5147254891287374
-0.1274521385644583
0.26735720794406337
-0.6717897785173075
-1.75273353761904
-2.5345031116825245
-1.149554464063222
-1.2885895075490625
-2.6970418615038914
-2.7188846581503783
-1.2092145585756342
0.11679909247333325
-0.1605193988415683
0.15781796391078207
0.4467353585314153
0.3381113482046551
0.36218185678315373
-0.6012731709073511
-0.635055422125839
-0.27642963356057104
-0.056257106422306996
-0.19490947791405502
-0.20239439198427178
-0.8551208119016428
-0.0550545851776536
0.1267836812104503
-0.6057015897766999
-1.8485156520817894
-1.039697431288912
0.34158235023264527
-0.03000068302589995
0.44296997857837084
0.5353275591274875
0.9602914851579445
0.27154980802487483
-1.0680894796482936
-0.5028220400174959
-0.11259929237123402
-1.2272198588107288
-0.08866642838172191
0.20748146863348094
0.5068574831524538
0.30442413489320297
0.4502558421165784
0.6745352296223885
0.5231257304217855
0.5187218569097478
-0.03748679662669396
0.38827917134249273
0.16828225072200292
0.06846130077210477
0.013620061551418976
-0.03529621340637129
0.34059168888558095
-1.208656135488808
-1.76903393827245
-2.7663737702435807
-0.8489597455810516
-1.502803542115962
-0.19884996563958365
-0.30430948668257973
0.5251865539174861
0.22659404311488307
0.39675562247378454
0.19150514306765792
0.20482694030582005
-0.13530817884733695
0.24207437273806703
-0.7825384694568289
-0.6161683725608913
-0.2797882558206024
-1.018854477666238
-2.5628240907537125
-1.3040340987833583
-0.3560004115941587
-0.6905731986677051
-0.4651453044162078
-1.839505381856368
-2.1947354720395054
-1.5254710837523777
-0.39383201695427117
-0.23763390490942177
-0.02751209721352256
-0.27044623668089696
-0.46489464937251435
-0.47564617224173056
-0.11148117954331241
0.138862241806934
-0.22574878865613468
-1.2079429666332782
-0.4851291987138549
-0.03589835693388979
0.10042377717103507
0.3666095029746083
-0.06679048173708799
-0.2312787080956307
-0.9397187748753126
-0.9207922057167506
-0.7115443576904352
-0.45296011377878703
-0.37063546670469333
-0.5362797815403241
-0.16588770389492086
0.019804264301458638
0.5893501128984426
0.8871006251763619
0.8829078358491118
0.7939586894134356
0.6318079200561136
0.8174248490010815
0.5054372680155529
0.03557952531061487
0.045464452014858686
-0.012044035374093619
-0.5444660604642941
-0.03978100530874221
0.07580994498891303
-0.031141432560923187
0.8000169667359739
0.33446520995014495
-1.2293371865916458
-1.7700418931702713
0.2880019765594616
-1.0800876039980707
-1.3902657533594114
-0.7133338079164715
-1.2838140989746867
-0.9191460268764798
-0.03135253278142559
0.1830313177455447
-0.23983127009417796
-0.9154084663402985
-1.2023333456558873
-0.5349656425314848
-2.2263300054645487
-2.7904554140557356
-1.8750806738627572
0.05946821631743193
0.24903402924902435
-0.25997385978914367
0.11239346838618552
0.20609294778889778
0.6829842808124476
0.4793311162015788
0.2051627464442587
-1.2295001473646097
-0.10606681486935023
0.4596528395820175
0.2687501947267358
0.02634073609157106
-0.5505110731876998
0.09845688513740508
0.21916042926138252
-0.004689781874552462
0.4768602390221119
-0.12151059680865943
0.35231351589289284
0.15976746788591903
0.23811295332626273
0.09630591569824609
-0.8452296188954775
-0.49547064843981375
-0.8372824459581047
-0.07757946383234114
-0.0686241628419926
0.46073634446730194
0.046113985803266214
0.6955989012830375
0.33908904792084377
1.220697624060408
0.38189388797732743
0.4205985168170534
1.4552248083623083
0.24656834679100936
0.543345452850085
0.7000215308644288
0.5495899921746145
0.49058047193922616
-0.11952656765783774
0.48129548424909757
0.05250924516107852
-0.006266745579206945
-0.2168000262577613
0.0927924728646598
-2.213770928297935
-1.2412291742986306
0.09190022364096108
-0.029549446510546612
0.15885458077985487
0.12109342484746523
0.42794395063871854
-0.5812693700694405
-2.69027018899336
-1.3880279055122207
-1.4100340269334741
-1.3264823559949916
-0.3673178554643234
0.36947023075801966
0.733528871257288
0.6444485866040986
0.1173213091655835
-0.33038605492283757
-0.15142922538759435
0.2666448155755853
0.37881827752917735
0.12845310904722626
0.8204956762760401
0.3461857957914604
0.4870111877478829
-0.06868659091143316
-0.05934638467226056
-0.5994549808102269
-0.07019084236977449
0.2840893052483654
-0.38929542003246087
-0.6081540679485267
0.4293309649960538
0.37128851892851045
0.31100103975586624
-0.21695187387939482
-1.0988626333850284
-0.026223926882940007
0.8189523493981572
-0.3564130047317996
-0.4385558412553849
0.45847938469234667
0.5531502538472186
0.583273383049056
-0.3785653782174236
-0.027399146050969936
-0.08373715391096426
-0.10220680434385486
-1.6502366020085206
0.11422448984910867
-0.26422084593396933
0.4029884927276642
0.19187466702269837
-0.1954264873607277
-1.1597965192693585
0.09332247579447182
0.7528963369294993
0.7960996328717519
0.37770501567422676
0.2732344306502469
1.2694645387178733
-0.3724299437724057
-0.07616511849946486
-0.34457357274131295
0.12035647798216803
-0.36017046396868563
0.9619864570333713
0.7573723655811913
-0.20249167728034317
0.3610419753965441
0.27771942969240665
0.03250165311669153
0.23561216653524664
-0.18830020541768322
0.414686028407371
1.1626947977542959
0.056120083321577544
-0.46202976955280456
-0.7952613983680761
-0.8493605201779023
-0.5134793438688062
-0.3427093555043833
-0.29431335340202186
-0.1722052250311277
0.22063084690571363
0.319040819638578
0.0052069397693057795
-0.1856132209674107
0.23288968292971757
-0.1530080809243554
0.030145974464719436
0.1389073393216323
-0.10904085326981418
0.5578285093778904
-0.3442617938168163
0.42097831794807167
-0.37111824832116624
-0.5137142631126507
-0.30483276878444154
0.04939567210941257
-0.07252457528992923
-0.2989313890572704
-0.2675423884086913
0.19416518543923067
0.30625719955324626
0.5757147880360451
0.2995239437801734
0.7657096538764528
0.2476638903415892
0.45895087113416905
0.5627216563763797
1.0339579050663348
0.849882384119714
0.4704935115041211
-0.5049331431097711
0.07929833286381942
-0.416427618188455
0.019882106121540483
0.45375187444189846
0.5633352009492746
-0.02122795434230626
-0.8857085859366192
-1.441873804956877
-0.6455174549061112
0.1883951101076099
-0.17882044694828864
0.05739922512402403
-0.010051516076234335
-0.313362328926928
-0.3542883985134633
0.10865456214220089
-0.11940030463271178
0.18424780811201652
0.41136552375786944
0.25350075953659923
1.0663881179468173
1.0594399673079309
1.3340632224051348
-0.08030858311898008
-0.20545025549490228
-0.7043125799523529
0.0402907311119541
-0.2391249140989875
0.27626961301699277
0.7408664748620009
1.3736271931209216
1.3598506430932784
1.5111233342215558
0.6558088553796281
0.9838965134525482
1.105418198603232
0.3690745368217117
0.47689273014745764
0.2488459913738291
0.2953030078970138
0.20093992931664292
0.3438700605886151
0.05669580681561128
0.013029548933684559
0.11479598565417093
-0.31172585949798126
-0.4544307708542471
-0.46982586228474327
-0.012068525542392683
-0.5328479851917871
0.11774738762026747
0.03921850617215712
0.2500590996327541
0.02875885459485114
0.05683481200704707
0.20738338687776567
0.10541569887074975
-0.001724370104509411
-1.018275092710634
-1.6899055602077713
-1.011618155071436
-0.5755553865035229
-0.46494454701737115
-0.13444419856165013
-0.0465720496390187
-0.2982717399067949
-0.5766663227646587
-0.3420600050747582
0.3780783349976713
0.28878077315741024
0.10344803252769735
0.18171272012096654
0.11793657924929801
-0.07767220890949107
-0.3215526520241057
0.021918092038322276
-0.2800337579388235
0.408482221565643
0.6105013915926074
0.4718730392483703
0.38121081117630434
0.4601325659054759
0.18263731443478645
0.5876076242275894
0.5120594163102281
0.5111967556409761
0.21505656392622988
0.8231392381973611
0.6873814189964365
0.7808285760747495
0.17924865946106827
-0.05753575017816247
-0.10517130118486823
0.03617028638013113
0.10854686681961259
0.12645824739331835
-0.1244867516516092
-1.2241719491564222
-1.6240000197404219
-1.7333978962621706
-2.0149847154829286
-1.8316585856918544
-2.4173639586993017
-1.7002855452920849
-0.9147635952612125
0.07206923125476099
-0.15286632787255033
0.09244072117456617
-0.00454379378476865
-0.06461783409830882
0.44605515107562926
0.5763110355767297
0.5181332351098875
0.023327159704080662
0.2422846161378624
0.20318415688817557
0.45351887274749836
-0.08041959491954533
0.06494929947942907
0.16150683536569935
0.3949000019555668
0.1416645981435003
-0.39005426853507297
0.13266240773741195
-0.021998356375384456
0.35749955260920724
0.4525770175824293
0.6132270987913903
0.5444237131076699
0.4559142103016294
0.6343375612792508
0.32082928496503854
0.5779293569618182
0.3679994934326287
-2.326947640520793
-2.529542348215029
-2.6136580994768366
-2.237916604949944
-2.323696134445967
-2.3030780663260737
-2.523112003853098
-2.2565438176912616
-2.337615644506983
-2.221419944808408
-2.566583937257708
-2.5766615514454236
-2.8069765871375347
-2.612872276888923
-2.7984946408625726
-2.4007709676895774
-2.491553505749321
-2.5156966588132117
-2.600660885114543
-2.555217195875535
-2.4767161709915464
-2.372875324274498
-2.076794480774987
-2.2836724544182014
-2.6660266407882753
-2.635415692678331
-2.514474154513132
-2.6330827494581825
-2.3631637204770457
-2.6696398666058205
-2.532293660885646
-2.4328558960371063
-2.3906790247022345
-2.4286262641303344
-2.3121308386800266
-2.5642129157942786
-2.5675525046516112
-2.531575948174672
-2.503865196791782
-2.6254456068394902
-2.554328532947514
-2.4893863693193463
-2.422148666809359
-2.399536002264737
-2.5157922780466486
-2.4218069433930927
-2.3795274602272656
-2.275076450253811
-2.461951523415678
-2.448587836875844
-2.258509600094303
-2.437141043824114
-2.3618956846934474
-2.607286995905443
-2.457659606963388
-2.608204682186762
-2.443722016836219
-2.4494864475744835
-2.4481943788340996
-2.4424688719947336
-2.445661408819241
-2.489011969582909
-2.529177917018184
-2.4012452306806824
-2.530301488684614
-2.6838594392266524
-2.4623334885079613
-2.431481663379613
-2.543305947987141
-2.5535610088877796
-2.5984401471464325
-2.8316781791257597
-2.653943144855622
-2.495797261714546
-2.545288001144214
-2.599637143133476
-2.5526239343814376
-2.456989114219212
-2.472996955681361
-2.4388708909247447
-2.323970828332702
-2.485507050036971
-2.5283205782177642
-2.3873089200409816
-2.620595041344386
-2.4949442572392573
-2.3477617904446757
-2.7387068032684647
-2.6484600909993428
-2.621534316682337
-2.3910182123826242
-2.279113623858234
-2.7227289295654082
-2.4393209274980716
-2.5168745847163914
-2.5055424553078653
-2.6241743680598173
-2.579998080633562
-2.6540233941717877
-2.5598196862822418
-2.435406012088862
-2.4918117098521364
-2.5866002559875207
-2.350048350224915
-2.3603657762704127
-2.5096016977882796
-2.2944290093501
-2.4634273078960804
-2.301206570320082
-2.5058538005011832
-2.3387623963318322
-2.6217383632945226
-2.427028495555087
-2.6382595696774613
-2.525452988322777
-2.483170388464879
-2.5689654104740054
-2.457014920576636
-2.3658389290537
-2.444762038508342
-2.1728123659930834
-2.3747079104614603
-2.4755536879436097
-2.5148536261332533
-2.334407288538467
-2.3980107634923633
-2.5670636096102086
-2.5018621353827823
-2.540876197723105
-2.656951306557506
-2.5121556983900346
-2.4210490081894918
-2.4749057529257437
-2.449227222567375
-2.44426781263687
-2.520613448427359
-2.612502750899572
-2.407517315156196
-2.7818370579753133
-2.4929267579800114
-2.6448787444452098
-2.531321867669082
-2.2940360172273473
-2.446359403304219
-2.3472032804174114
-2.266177618568551
-2.593800523507944
-2.6005078673526825
-2.5104401531260714
-2.6743258481461116
-2.42687112038437
-2.4433440425484063
-2.652323621668496
-2.5246005902782374
-2.621576815350495
-2.601447347888948
-2.629513383061253
-2.6989572449631845
-2.508686870604931
-2.6520603080800105
-2.774135042211705
-2.592509024240996
-2.557905311816158
-2.38131423809678
-2.453448106452545
-2.2151637324772064
-2.572537675694787
-2.711428310489744
-2.7042247743689938
-2.286615526000027
-2.317538052164458
-2.473822103561919
-2.5235941726218676
-2.526363712107662
-2.4592843418929315
-2.4574761018948115
-2.494223111104424
-2.2677202459702186
-2.406442355486355
-2.4159452813738316
-2.475969554481625
-2.59358352398508
-2.397492916327506
-2.7254944824233895
-2.5593075469446287
-2.5146912090735465
-2.3547153819347284
-2.451256416989641
-2.4738189823213066
-2.4498791409088385
-2.3619392824010523
-2.3806545909044923
-2.6070148502604216
-2.4052695855093753
-2.4923907270368644
-2.5223765779367096
-2.575863068572227
-2.376569414090428
-2.5771225503717354
-2.5478445634343654
-2.4149858295075495
-2.4868073255593512
-2.5210929685088743
-2.399301115701152
-2.566004608286944
-2.349276604884177
-2.604118223802149
-2.5555435608504626
-2.604008756079668
-2.4404163624542856
-2.5885976814683587
-2.4883689478127784
-2.682975346553546
-2.52334720987777
-2.709228685032851
-2.4150132776342303
-2.511510050655514
-2.7165491937510606
-2.5024674484637663
-2.483353350622777
-2.512551814036378
-2.4917779862866976
-2.4708793800053486
-2.58288521184679
-2.28583893992198
-2.471693534489574
-2.390866712431221
-2.6110188535608985
-2.5516907936347835
-2.384163979284595
-2.377390825810933
-2.490379285333065
-2.566244207537449
-2.6058610444515473
-2.461969894708985
-2.6098056295752077
-2.715150879660788
-2.528309149320758
-2.501657308846766
-2.324851687920994
-2.4818695194625398
-2.3848907446125662
-2.291641445720968
-2.491626694002485
-2.7535691370769793
-2.50722362229825
-2.816984769885646
-2.4907394096383593
-2.438724822841262
-2.430199095553613
-2.3789514811412684
-2.4558351130224545
-2.5562310405224684
-2.50745059035027
-2.487081157811278
-2.5366875803136195
-2.431485856451836
-2.440867282813608
-2.8076179428771013
-2.937309414506451
-2.574161602741211
-2.4197689729335807
-2.427144582370323
-2.326622015660558
-2.65783291865259
-2.6283407573810402
-2.4549092085872024
-2.1075640815178707
-2.305965032635024
-2.392415031550325
-2.302795096273919
-2.4973641694186197
-2.3408419507520875
-2.3265323083468292
-2.393952858343558
-2.5523649847498127
-2.4366730896809075
-2.211533167276277
-2.384220493155129
-2.6425689596914723
-2.2867202964667026
-2.166078114469497
-1.726819601670288
-1.1539300723577397
-0.9390121389587038
-0.5187669751552246
-0.37821769825608315
-0.8754579283630921
-0.8743486190981535
-0.537499152626323
-1.8364388852959577
-1.9126769769442973
-2.6130450433988965
-2.6888893584606195
-2.3101283538494197
-1.865367707712773
-0.7131693276522579
-0.41311245738662283
-0.18405223651477962
-0.36231313758579486
-0.12405319177014487
0.08197616718864806
-0.0034217866876025127
-0.02566306135673363
0.1907702450895481
0.04523528640449686
-0.2509732829718295
-1.0417467330690553
-1.2261485587869732
-1.8436001646995244
-1.8018907514978832
-1.7334067348209687
-0.561445875681535
-0.8478050021656887
-1.700020289557815
-1.0820471100677245
-0.7546132877536604
-0.11576660206405553
0.23484661054982545
0.4524554896668705
-0.23449146079869243
-0.4276379805392318
-0.17235474757155947
-0.12584857287235612
-0.08266090019363961
0.3824680444460719
0.046262136308232074
0.11585410733501317
-0.258167679203293
-0.8989810118935577
0.17345403658896633
0.43011177325106464
0.7437311197998537
1.1496591428677565
1.1997507746863496
0.8850551186966967
1.205633941923119
1.0119478089712997
1.0517813081669845
1.2984957991359758
1.5426977969809141
1.121002907174539
1.3829273196402327
1.4177723525975716
1.239190427186225
1.3510480419990092
1.66148720309094
1.8206166281862077
1.7730535113276316
1.8431716186278264
1.9553061354824732
1.2217127084791208
1.7532485211095827
1.6950471637096052
1.285990694617048
1.4246471401604226
1.3329064105161486
1.4188501766623243
1.387048549174454
1.724112714855881
1.5582844826299938
1.927831020271379
1.7745521463753542
1.1699073648979401
0.35872898029239897
-1.1910832973899765
-2.5776405288119615
-2.580360183784421
-2.6330685941813465
-0.5910888165656867
0.21337881910441073
0.553933541068692
0.09311676462295171
0.5454228047952265
0.5403602633791603
0.5354730318122286
0.8437157945103031
0.6564580723684279
-0.12446126472127395
0.29339548005155636
-0.07025317847983738
0.6323966248751006
-0.08108218439660139
-0.2344308888971761
0.09907150343564233
0.10950652989890397
0.6952828587445579
0.602124373715024
0.7494446250252231
0.5868396054215272
0.8030305810566064
1.124613095883726
1.1388168883489662
1.076548639230388
0.6343662972644868
0.9181330917247602
1.6461577166853618
1.4645804004758638
1.5549492248859909
0.8713414307014864
0.7347534858370744
1.04570209630283
1.2028038264988745
1.0280785590230423
1.4614984601638632
1.3113508162172967
1.6330648016314604
1.1986426790407567
1.4031096659239186
1.5148609516451597
0.5922808018826571
1.2370154826027466
-0.6576418418801853
-0.973017966984787
-0.5293323043015576
-0.4858243354230383
-0.33113197366691655
-0.06849131989861044
0.5351834696262794
0.7016780308626213
1.0610697012211934
1.1796044931777854
1.2105914571043908
1.5013540792632984
1.3118884441121883
0.5229336567109877
0.3844351014424062
-0.386057702829782
-1.0346400896566486
-2.449614649041192
-2.304257363752062
-0.6290952529139981
-2.1741701721491986
-2.4945336457544394
-1.5964086051127373
-0.45225754230869053
-1.7289922886472737
-2.845325124205737
-2.4704319649445354
-1.8076318174346873
-0.5482732789452791
-0.04057301513702989
0.03875239834022243
0.1272198655323593
-0.6010995347226074
-0.24195860215754067
-0.1424495088377067
0.2489259727486321
0.8245383925664952
0.932617755142283
0.9206403910248072
1.2293684137034748
0.9583981967781464
1.0781486831831375
0.48252191497991376
0.891484412827248
-0.2274391313995831
0.29532151572044746
0.8072635590837388
0.08606336605431888
0.5993646290712339
0.9369341856765047
0.7925673092083408
0.5435412563223632
1.194892269358928
0.8464944926831254
0.9222554847146157
0.0672051219797333
0.6660919895170861
0.21795693661006615
0.2556840013109395
0.07078631500352174
-1.5788641042063138
-0.8196966685592733
-1.2255267601243276
-2.4806027143475635
-0.7497120775899732
-0.7322369161982
-0.3141928785813971
-2.3322225098040246
-0.9297931095694151
-0.9585375193550529
-2.5610667538957723
-0.5947786206504292
-0.16993710915619434
-0.29347785007069815
-0.3285458145328366
-0.7549936661798307
-0.5764715463061963
-0.010148930897937225
-0.31019248581455366
-0.8591968009608184
-2.0118906214982766
-1.3338379198334405
-1.7943250763890224
-0.43371656848148066
-2.608813050140341
-0.8035724269053451
-1.627046087534032
-1.9421058211785522
-0.20492340367874246
1.0774944614881035
1.4354458295568757
1.5855669980665748
1.3603665034766936
0.6692766902840614
0.04630899434592363
-0.8255718983473224
-0.45338128077220335
-0.07746800374604844
0.9109700166863549
0.8070637977392678
-0.5036857624303148
-0.21596200938827628
0.15040170389070226
0.5058894152841249
1.0004128593007502
1.0064687534363461
0.7900126098363678
1.1315860870007284
0.7642185964596371
1.2132726266974179
1.1714506842279098
1.0182203643561125
0.7041369293396138
1.2660014477601573
-0.4080289941381585
-0.03339108077737886
0.5142294505709847
1.3334347970288265
0.2663519588776119
-0.3277797121475404
-2.865654180480804
-2.4716174232452386
-0.5612632505862352
-0.31519494248244784
-0.009235649776290197
0.4178334234458032
-0.28992699358651164
-0.19992071186806423
-0.15615288525541415
-0.0858485975257371
-0.30073376574007993
0.6579170127401661
0.6700399008796626
-0.03749714564871228
0.5908961857781783
0.7297391142273418
0.5294272004159697
0.6040407600063956
-0.196529842151001
-0.6460603270081675
-1.4820655353526855
-2.002369878723634
-2.5332998247875107
-0.8535883046309659
-1.9857309305920747
-0.7045993831991372
0.24980179000979896
0.5428313342712275
0.8755111740750128
0.311781283005241
0.44435974001918094
0.05054005360868008
0.5380061341610787
0.8204791261119699
0.4889502260568339
-0.816123082463322
-0.3814424223116814
-0.17049163672412232
-0.08111103981325837
-2.0737976571754664
-0.6042325361894846
-1.0900883302725182
-0.39315645839956515
0.4868583855585206
0.9917695868565269
1.2149748472087634
0.5395896353686949
-0.07912204691431753
-0.3810029255268116
0.17444510884465236
0.47432964620862184
-2.55146023859964
-0.64150846996078
-0.2369648418220288
-0.5054474987319796
0.36621628880075047
-1.787664401690589
-2.04755848456042
-2.628113316907106
-0.7863458301162656
-0.871498238768164
-0.47131397454027
-0.6405362149299667
-0.17437371710156266
-0.2092335034697614
-0.3968189689532375
-0.049745267972733875
-0.3012801300801979
-0.03997089376098225
0.12104044216603344
0.3205665377488905
0.3868474930215796
0.09413795853075779
-0.03074938595192933
-0.24210050893408505
-0.14526357623879246
-1.1993170618788438
-0.381908335726157
-0.3238213764364955
-0.6930480246520812
-0.3375374336391147
-0.6762382057026611
-0.7180476328202217
-0.4469246441433008
0.7015837874432183
0.6684527750071889
0.6969340914099147
0.5856185729129993
0.6298778577191555
0.023645215246735934
-0.22342006839744702
-0.38918000719110946
0.023662919088819574
-0.404105319123496
-0.029594678912046646
0.313322552257544
0.47044291616476414
-0.1578283273574645
-0.7142493530323369
-2.6005899329604065
-2.7103524175821523
-2.710112142731596
-2.808393560426363
-2.7153704895796884
