0
0.41371238
0.18097249
-0.055152655
0.09523475
0.41357544
0.11479446
-0.0019638538
0.20675564
-0.024773896
0.34433252
-0.38906032
-0.6120132
-0.15630418
0.15767747
0.024685591
-0.041558683
0.26889896
0.47584742
0.18484363
0.44937912
0.4795838
0.3399004
0.6204295
0.64097506
0.76238966
0.7265105
0.7925457
0.3876801
0.3501035
0.2771811
0.11729255
0.44954002
0.3009358
0.45284662
0.33414742
-0.042419314
0.48016158
0.14956143
0.23722836
0.3852741
0.3787285
0.72213054
0.64666504
0.31026155
0.3175343
-0.0062312484
0.38666734
0.62172323
0.51429045
0.4275983
0.051591218
-0.059951425
-0.097563565
0.24379781
-0.062929034
0.2226524
0.14580473
-0.052897453
0.7244342
0.6236917
0.77753127
-0.046726584
-0.05219835
-0.03069061
0.14313695
-0.28295428
-0.13061702
-0.15943432
-0.42519182
-0.20990711
-0.1346975
-0.29599816
-0.17252499
-0.13254899
0.59486425
-0.4426409
0.009702235
0.36504495
0.5957534
0.44958454
0.33134562
0.7309164
0.5335574
0.34502405
0.69866157
0.922106
0.90281236
0.8500222
0.8676437
0.8310883
0.93029
0.84987867
0.59497064
0.8047036
0.13705802
0.2748809
0.41921654
0.706547
0.68007594
0.5543141
0.7051623
0.5229251
0.6868964
0.29814878
0.628525
0.8992349
1.05738
1.1504288
0.9349997
0.8263862
0.85436976
0.88125765
1.0568991
-0.11583084
-0.19104272
-0.43899035
-0.35726267
-0.43409598
-0.14078963
0.19126442
0.17987838
-0.14117223
-0.2769068
0.13327655
0.07390648
0.13144389
0.32837737
0.5786734
0.63143
0.28215313
0.89105463
1.3104492
1.0852623
0.99059606
1.0388033
1.3186462
0.7721288
0.7712945
1.1624744
0.6650359
0.78829277
-0.938889
-1.4279925
0.38484833
0.8051615
-1.3566496
0.65848964
0.21000159
0.85650265
-2.2542684
-2.8591306
-1.7387443
-0.7683469
-2.017699
-1.6803346
-2.7380497
-2.2439134
-2.0358477
-1.7436492
-2.7294087
-3.2814384
-2.1540806
-0.7028984
-0.11639571
-0.23320872
0.31748658
0.6228206
0.6031424
0.6941737
0.63278675
1.1678109
0.96517015
0.43655628
0.9095069
1.2390885
0.8386116
0.97386956
1.2166725
0.39455315
0.9888159
0.6823955
0.8828306
0.98223937
0.032990634
0.624397
0.83924675
0.9092883
0.23102927
0.53601843
0.41337094
0.49594927
0.79494
0.7401278
0.448068
0.590494
0.05886516
0.036280632
0.15155205
-0.7719456
0.016910285
-0.25714833
-0.059032083
0.47285247
-0.17792922
-0.29571325
0.20566583
-0.08889979
0.03720522
-0.15250885
-1.0863439
-2.840514
-1.2655784
-0.35728508
0.26358622
-0.26520288
0.2740036
0.34648326
0.57566315
0.6731968
0.29478836
0.49870095
0.7196535
-0.3008312
-1.9566646
-0.80263245
0.43460953
0.17021781
0.86103153
0.45915174
0.019358575
-0.14095217
-0.96056545
-1.7812083
-1.8834696
-1.2698344
-0.79240274
-0.7152072
-0.0070932508
-0.2173155
-0.15851492
0.26559895
0.43458155
-1.0436616
-2.114911
-2.5072186
-1.3765694
-1.202123
-0.69856656
-1.0333194
-0.34297675
0.18891427
0.7287688
0.103087515
0.23184386
-0.9502113
-0.24063313
0.16695222
0.6133988
-0.81868434
0.17227027
0.19333872
0.21745262
0.5177689
0.42742443
-0.02652371
0.81617
1.0058515
0.49270704
0.36751664
-0.33799326
0.20022431
-0.4046049
-0.08807194
-0.33013272
-0.21823823
-0.85476685
0.03001371
-0.84288144
-0.8709861
-1.0429299
-0.52493083
-1.0878663
-0.8044337
-1.183576
-0.8424555
-1.1508415
-0.3928811
0.056262165
-0.022967398
-1.158596
-0.4285677
-0.81361055
-0.0013651252
0.3600591
-0.077197194
0.05687359
0.03053081
0.5693527
0.4833935
0.73146033
0.52074444
0.7344995
-0.18871754
-0.8436246
-1.5796647
-2.473391
-1.1781588
-2.688736
-0.1962685
-2.4332423
-1.3559756
-0.44326967
-0.49158883
-0.49904293
0.25794443
0.23807952
0.18903923
0.43366528
0.333736
0.16602382
0.12608624
0.19922504
0.4904801
0.6544099
0.92452955
0.176887
-2.8840563
-0.5008377
0.4036403
-2.9704156
-0.58199835
-0.09440845
-0.252694
-0.36970133
-0.28399605
-0.4118564
-0.18176019
0.21084812
0.33720094
0.21592388
0.13578495
0.067702025
0.5327378
0.8490324
0.36316758
0.8100116
0.92661977
0.45621946
0.55923253
0.3554895
0.32747453
-0.17758685
0.11820796
0.26113987
-0.7702737
-0.6195712
0.0943276
-0.7166939
-0.5377096
0.85093987
0.6792285
-0.6449672
-0.0131851435
0.29694223
0.18601188
0.81774294
0.52549106
0.35805285
-0.2679131
0.549469
1.6257242
0.2838601
0.5764507
0.5860827
0.74576086
0.91667235
0.42669344
0.95148695
0.7274769
-0.0029520988
-0.38657147
0.12774658
0.447824
0.7039098
0.67463034
0.013665289
0.5460689
0.7707175
0.6555415
0.62035066
0.66113317
0.38666874
0.6188959
0.52549195
0.68683
-0.30943602
0.23512557
0.5477983
0.69646853
0.3799088
-0.010236859
-0.7575276
-0.11275089
0.26508203
0.5166295
-0.46148938
-0.03788942
-0.05649692
-0.36502063
-1.8254771
-1.4952246
-0.65315557
-0.19364315
0.20729688
-0.1922319
-0.5801786
-0.4085284
-0.45505458
-0.24189055
-1.4222003
-0.45338005
0.12384799
-0.011507213
-1.467077
-1.3222783
-1.4403516
-0.96007204
-0.7506473
-0.70140135
-1.5235648
-1.9790082
-2.5291138
-1.6066823
-0.9913635
-0.58984685
-0.2427727
-0.26432115
-0.4390431
-0.95890665
-0.77095985
-0.2153464
-1.056527
-0.98632145
-0.27857095
0.027266026
0.4573053
0.02810511
-0.8780409
-0.28484827
0.35766166
0.766816
0.83438766
0.75005805
0.6770429
0.80182034
0.81860244
0.08332518
0.71143615
0.55731803
0.17982486
-1.2417402
-1.5740333
-1.3547981
-1.7323008
-1.7964487
-0.82247555
-0.096560776
-1.037747
-0.61679864
-0.6866852
-0.5488342
-1.8118894
-1.4553543
-0.63074625
0.017605454
-0.2667209
-1.4049188
-1.1868906
-1.2211604
-2.3268132
-2.2421057
-1.7900367
-2.6671576
-2.4638574
-1.4484041
0.25046945
0.2175791
-0.11524159
-0.4678371
0.10365677
-0.47127408
-0.24098456
0.46894535
0.2836861
0.41273296
0.66925937
0.39774388
0.552477
0.46049508
0.46655697
0.4999715
0.0002733171
-1.8211987
-0.86704206
-0.61021435
-0.104037166
-0.15399152
-1.0428218
-0.7270551
0.26042974
-0.3436618
0.4649393
0.7148598
-0.38331556
0.58694077
0.5543197
0.87442935
1.1131144
1.0413389
1.0040771
0.70562935
0.83093655
0.33721653
-0.36494076
-1.4687613
-0.91873825
0.07527512
0.66194063
-1.6797485
-0.68391263
-0.48221022
-0.14274734
0.3983007
0.48318896
-1.5905473
-2.6309834
0.023107767
-1.3192725
-0.5047126
-1.8257349
-2.320448
-0.51486814
0.1546937
-0.6922151
0.06106493
0.43272018
0.39487466
-0.015631616
0.53687227
0.82755196
-1.3905885
-0.49502414
0.10366827
0.045019865
-0.48282373
-1.8185325
-2.4498448
-1.3663986
-0.82148993
-0.36345547
0.074109495
0.099117935
-2.2088661
-1.2195892
-0.08303046
0.17280114
0.30086243
0.7232475
0.17049807
-0.62433624
-0.44687814
0.17752004
0.7852324
0.5464481
0.74674255
0.12029886
0.40044215
0.2290917
0.09464693
-0.13270015
-0.3380981
-1.3322257
-1.7751741
-2.6074317
-2.1893775
-1.1692002
-0.46539533
-1.6457863
-1.9193294
-1.1672542
-1.6785936
-2.0090556
-1.9681194
-2.2763572
-1.913944
-0.10481876
-0.74124074
-0.38079596
-0.26957268
-1.0122764
0.28219396
0.10706985
0.26766896
0.9928913
1.0462825
0.46341035
-0.1379705
-0.89393806
-0.18113756
0.2152574
0.50172293
0.19701356
-0.11833429
-1.1923972
-1.8722095
-0.8447248
-0.6662643
-0.99364054
-0.7727232
-1.4361659
-2.6369147
-2.300207
-1.091849
-0.916574
-0.7518499
-1.8392332
-1.2745129
-2.0257378
-1.831897
-1.9663348
-1.1891404
-1.2918108
-1.9426644
-1.6937501
-2.0351562
-0.5951916
-0.14674115
0.38396305
0.42327634
0.0573512
0.26878673
0.1731861
0.19044775
0.20816752
-1.0855429
-2.9105682
-1.351102
-0.42790627
-0.6079531
-0.7076187
-0.68027735
-0.26286274
-0.7739445
-0.9804388
-1.1941894
-1.9086409
-2.7996204
-2.7629545
-1.626039
-0.83287525
-0.77149606
-0.049184084
-0.025303304
0.14103863
0.1818693
-0.6237104
-0.022897303
-0.35630906
0.4684567
0.20360646
0.89280665
0.012363553
0.61461353
0.6736107
-0.062446117
0.24613309
0.50723165
0.62144494
-0.46399164
-0.087019265
0.23824546
0.4604383
0.4928801
0.51767474
0.45043248
-0.25598568
-0.24387145
-0.20567364
-0.083320975
-0.101798296
0.5884162
0.7104206
-0.44745684
-0.52810585
-1.8979969
0.6316682
-0.221084
0.18488508
0.17974791
0.2791353
-0.7724154
-0.7473124
-0.87037146
-0.1101746
-0.23067749
-0.10000503
0.30155414
0.44495398
0.5300172
0.38428074
0.38991994
0.2567353
0.34498933
-0.13632828
0.37210676
0.47675902
0.41976035
0.23238572
-0.31185728
0.17923725
0.4351994
0.35511512
0.33598036
0.011033535
0.37549025
-0.008799672
0.15846947
0.36057076
0.31045103
-0.77575755
-0.1810596
-0.34517062
-0.004720688
0.007878125
-0.105629325
0.0049417913
0.11727023
-0.09332305
-0.45583594
-0.47349674
-0.5903436
-1.199124
-0.05770707
0.54280597
0.53407097
-0.23360407
-0.49631077
-1.2170032
-0.6766174
-0.19706994
0.15465218
-0.09850693
0.3485469
-0.52569664
-1.9552116
-1.3973597
-0.5929109
0.051680326
0.07120666
0.5734891
0.15061972
-0.13980174
-0.19845933
-0.036016285
0.21780959
0.08622721
-0.6442361
-0.99048877
-0.20327693
-0.17610872
0.09101778
0.16467151
-0.21809947
-0.25107402
-0.23450536
-2.075217
-2.0517652
-1.6636939
0.044624627
0.09083742
-0.27464056
0.24781111
0.44143954
0.57684594
0.264616
-0.45163208
-0.28873736
-0.07735139
-0.826118
-2.2767363
-1.3179439
-1.0071776
-0.3722244
-1.7645633
-2.0023782
-1.878921
-2.5056098
-2.4890103
-1.1419861
-0.077869534
0.15610647
0.23129013
0.46882623
0.35928112
0.24236542
-0.80257404
-0.7014607
-0.003659308
0.043710113
-0.21527493
-1.7429442
-0.69289255
0.06725788
0.28696084
0.66380256
0.5308462
0.5394174
0.58154905
0.9418657
0.8984786
0.84955907
0.49145463
0.7546823
0.7437942
0.98115826
0.32303146
0.46140075
0.53231287
0.588169
0.5199242
0.39018077
0.33245152
0.54737675
0.6105732
0.33610764
0.6585592
-0.21032292
0.3621173
0.2536611
0.027199328
0.4633405
0.667768
0.7420794
0.15703958
-0.37190664
-0.2373395
-0.51782477
-2.0613945
-2.5113645
-1.0390282
-1.1955492
-2.4014387
-2.662611
-0.87073267
-0.04924321
-0.42370665
0.20355833
0.494735
0.39744988
0.3994472
-0.7341213
-0.6651951
0.0743874
0.03194678
-0.19344795
-0.13369703
-0.6709441
0.04768133
0.07221988
-0.60643196
-1.7708089
-0.77601993
0.64079165
0.3354656
0.20360026
0.41219223
0.79046607
0.1989356
-1.0257126
-0.30073106
0.39110813
-1.3074963
-0.06559461
0.29034245
0.09358221
0.6094165
0.3841864
0.5486928
0.5924395
0.5492819
0.41319293
0.18205366
0.6850252
0.14776012
0.3347674
0.102742076
0.43907398
0.48955458
-1.1314508
-2.499942
-2.394076
-1.1976506
-1.3976992
0.47181505
-0.016736746
0.3720562
0.16146395
0.3898652
0.14615667
0.35955942
0.21178475
0.286171
-0.642007
-0.0063360333
-0.11154133
-0.7434106
-2.045027
-0.46415818
-0.22516835
-0.32304585
-0.045244873
-1.797847
-2.1778708
-0.9267076
-0.1044634
-0.14839166
0.2646139
-0.07405776
0.006585121
-0.07381016
0.037033647
0.15160292
0.21117336
-0.712832
-0.47736472
0.33956748
0.23210067
0.56527036
-0.06646317
-0.16343999
-0.42503357
-0.7980467
-0.54477584
-0.24057937
-0.18084496
-0.59444845
-0.029060483
-0.38836002
0.3841523
0.67687804
0.79155755
0.79053116
0.6837735
0.7866441
0.6586753
0.28853947
0.20952797
0.23680177
-0.57974815
0.26584357
0.15669131
0.17903042
0.5736544
0.2190992
-1.4541175
-1.6416898
0.23870638
-0.89929044
-1.148578
-0.4978376
-0.8454778
-0.76587117
-0.19013071
-0.1436252
-0.13864917
-0.3197723
-0.8131169
-0.41523588
-1.9598243
-2.3633833
-1.6323247
-0.35628903
0.35097212
0.08921358
0.33965516
0.17521796
0.4510175
0.33079576
0.00010877848
-1.4484406
-0.16052926
0.21670863
0.36413515
0.15824851
-0.6814405
-0.25162095
-0.36376387
-0.092009544
0.285981
0.23028228
0.22481254
0.17681837
0.1648705
-0.0065866113
-0.3359173
-0.33717
-0.5187291
-0.033539474
0.16889435
0.29931676
0.06186202
0.20659605
0.7679386
1.1355319
0.76033926
0.96835077
1.2418035
-0.36180758
0.46395025
0.40114743
0.46665108
0.32903618
0.16088688
0.47307813
0.0728378
-0.17374074
-0.42693138
0.079125345
-1.8043082
-1.3817059
-0.29431653
-0.37641346
0.12431559
0.25912565
0.43418607
-0.8400916
-2.3217697
-0.66935337
-1.4436946
-1.4583044
-0.43640572
0.41042158
0.61151075
0.5529187
0.3017283
-0.42930216
-0.025480032
0.5273083
0.2650589
0.12001753
0.62489176
0.9049653
0.5323961
-0.24124092
0.32200235
-1.3393062
-0.12791753
0.14853188
-0.15204799
-0.50653243
0.30570948
0.45811892
0.29247826
-0.67181516
-1.200334
0.5695322
0.9159361
-0.12001777
-0.4357918
0.15872273
0.48617205
0.63995165
0.60586303
-0.4720449
-0.41643256
-0.21004754
-0.05659002
-1.623914
-0.30987918
-0.529457
0.018085808
0.22141576
-0.55792296
-0.9713309
0.030731142
0.47409397
0.6574513
0.4178333
0.77140164
1.0612069
-0.22005427
0.2680821
-0.2246468
0.081003726
-0.59805477
0.8761425
0.7295176
-0.31526065
0.13153157
0.048113376
-0.06342667
0.28596795
-0.46733582
0.73454344
1.1509459
0.1487022
-0.5233846
-0.7613162
-0.90193427
-0.42405677
-0.70717
-0.1358276
-0.08497596
0.2916775
0.081427366
-0.011322081
-0.63383687
0.2201437
0.05225098
-0.15958065
0.123180896
0.05806464
0.38534808
0.16357663
0.6953209
-0.3103006
-0.5723003
0.036608666
0.046949
0.15433905
-0.18544835
-0.34412283
-0.091468275
0.26930577
0.10399881
0.5464876
0.78743064
0.2919261
0.6271983
0.69600356
0.89289033
0.37304592
0.8592309
-0.8140913
-0.20435017
-0.69965947
-0.23768848
0.2946837
0.2029387
-0.004067242
-0.4045766
-1.6211934
-0.449979
0.039940983
-0.19579881
0.15754932
0.36648053
-0.079289556
-0.38601518
-0.32226276
0.032248616
-0.039216578
0.2775179
0.20704389
1.1353705
0.9892359
1.0556222
0.9653429
-0.0777964
-0.4814366
-0.66650057
-0.06989336
-0.32520264
0.36243773
0.80545783
1.1928139
1.365124
1.1948916
1.1759701
0.7237073
1.1111674
1.0655835
0.8086997
0.8908806
0.44970405
0.3484794
0.5397678
0.7788539
-0.35052025
-0.19362152
0.2808118
-0.23789418
-0.0576849
-0.27110022
-0.09776211
-0.3906275
0.17251036
0.1591905
0.46433893
0.34513164
0.0068742037
-0.09346455
0.28656805
-0.16985518
-1.2882829
-1.8176789
-0.60739005
-0.4423085
-0.5588772
0.07956129
-0.14162809
-0.16155869
-0.15629756
-0.17615652
0.12186977
0.22796893
0.39602447
0.17957544
0.19790775
0.10025287
-0.11481261
-0.08741468
-0.54132426
0.18158081
0.6470293
0.6361381
0.64063716
0.558758
0.3548763
0.48647138
0.41163522
0.50410235
0.81389964
0.39702386
0.5045803
0.44264013
0.45075545
-0.27877456
-0.28348774
-0.025532067
-0.39597487
-0.22736937
-0.1568622
-1.3129188
-0.83756125
-1.816839
-2.0397625
-1.9937813
-2.3535812
-1.6832638
-0.6028421
0.025434107
0.12474635
0.28321922
0.15374318
0.26913476
0.45299652
0.5309688
0.38732243
0.27779984
0.2979141
0.078374416
-0.051030993
-0.2511779
-0.26637286
0.34736764
0.37826735
0.2771654
-0.41347998
-0.31923914
-0.13607025
0.58737284
0.45946118
0.3671424
0.49284375
0.36479142
0.1650103
0.33253145
0.4638096
0.20764995
0.039143562
0.22709084
-0.3691926
-0.20573628
-0.37670702
-0.05659175
-0.42512095
-0.6044775
-0.52588034
-0.62840605
-0.27974206
-1.1069365
-1.8624442
-0.9096321
-1.768095
-1.5039883
-1.6716092
-2.6945882
-2.6815312
-2.734227
-3.2227068
-2.1252728
-0.891369
-0.10045469
-1.4464601
-0.81228495
-1.7145236
-2.4280727
-0.9819485
-2.0092106
-1.984766
-1.203804
-0.23925495
-0.8435893
-1.0725487
-1.1230723
-1.9241657
-1.982338
-1.1335412
-0.9668267
-0.9909774
-0.37940776
-0.16417491
-0.51388884
-0.5462978
-0.10769099
0.3810233
0.34211284
-0.049250662
-0.17328072
-0.3664549
-0.35269326
-0.29327464
-0.26868975
-1.6259227
-1.8922095
-0.9200393
-0.76820326
-0.4970187
-0.4927476
-0.06887692
0.17553726
-0.102410436
0.50461996
0.07449892
-0.8529172
-1.5420489
-0.4216045
-0.33466637
-1.1117799
-0.9409498
-1.465315
-2.072839
-2.2659516
-1.3181621
-1.2917284
-0.976998
-1.1042923
-0.8794725
-0.40661687
0.00041806698
-0.6115507
-0.7056781
-1.3051493
-0.86082685
-1.2524486
-0.30036902
-0.47026932
-0.76015615
-0.25035095
-1.2223045
-0.51466167
0.060168833
-1.0738455
-1.154008
-0.8725201
-0.6875117
-0.74373734
-1.7578795
-1.1745764
-0.8172065
-0.58694637
-1.239161
-0.6939063
-1.7977116
-2.5615351
-2.8390574
-0.8312205
-0.13151383
-0.058782697
0.538439
-0.14071035
-1.0033069
-2.5888453
-2.363549
-2.933764
-1.2884678
-1.2173167
-0.6918882
-0.8488127
-0.7376921
-1.5866885
-0.80225897
-2.0103357
-1.5854442
0.113693774
0.5549727
-0.12770814
-0.5122049
0.030739605
-0.6717893
-0.5559509
-0.03163278
-0.59300387
-1.1522169
-1.3123652
-2.7071242
-2.3073785
-2.353875
-2.468437
-1.8545158
-1.2917236
-0.87312365
-0.53037226
-1.0411507
-0.7785748
0.38234672
0.0023055673
-1.0301417
-1.7739794
-1.7222142
-2.4378731
-1.3340112
-1.9491947
-2.6585648
-2.1154354
-2.52409
-2.5212808
-2.56561
-1.8722379
-1.8472829
-2.0375555
-2.528421
-1.8912132
-1.5747437
-1.1098975
-0.7071279
-1.003797
-2.0003567
-0.7850385
-0.48629844
-0.46197575
-0.08199668
-0.42086917
0.21165934
0.4866397
-0.42017567
0.08661756
0.71392995
0.55739444
0.918905
1.0306659
0.7989497
0.6063076
0.7040035
-0.28907728
0.021861017
-0.40900505
0.39732394
-0.16305763
-0.1210376
0.3420228
0.32477194
0.11263594
-0.15160656
-0.23761445
-0.82524014
-0.40656018
0.35098898
-0.23996472
0.19392025
-0.17615825
0.17989585
0.46488404
0.625101
0.513028
0.37395748
0.46509898
0.53802687
-0.11671674
0.4356149
0.38720027
0.23150954
-0.7661904
-1.2285861
-1.771358
-0.7242702
-0.63152313
-0.7423985
0.06544861
0.23570526
0.1487109
0.076619625
-0.22487974
0.88901985
0.6724009
0.28820968
1.0151663
0.5362496
0.355029
0.47148246
0.98728
0.58010393
0.23730281
0.4811663
-0.31331939
-0.054059267
0.43253165
0.48462966
0.1894491
0.32332316
0.016213924
0.3688416
0.04210648
0.037571996
0.084223896
0.44514334
0.8130095
-0.38451207
0.306607
-1.0716752
-0.35071325
0.2641955
0.6486523
0.41490632
0.8866943
0.6912315
-0.26990747
0.19031882
0.68391204
0.59702504
0.4827919
-0.25429004
-0.74137247
-1.6516697
-1.9638886
-0.68577826
0.2628744
0.38951415
-0.5816792
-2.1627095
-1.6877911
-0.4028769
-0.3569662
-0.09964228
-0.19218498
-0.43111753
-0.17997813
0.9430698
0.36681965
0.9255234
0.43753612
0.30872095
0.51578087
0.28217348
0.5830398
0.58051074
0.9213698
0.8532033
0.89726794
0.8718666
0.78982115
-0.27764332
-0.21608394
0.123099834
-1.0478806
-2.0875072
-2.864931
-3.002158
-1.1448548
0.5069999
1.087194
1.1701328
1.2284501
0.74354887
0.58402914
0.7311095
0.55756116
0.8980067
0.7056149
0.19901082
0.1474595
-0.65430737
-1.2473203
-1.660522
-1.8989418
-0.83934796
-0.8769375
-0.80843437
-1.7570314
-0.91179013
-0.06093663
0.26650468
0.49664983
0.5572973
0.045452327
-0.047202945
-0.14701974
-0.33052236
-0.020723104
0.87523293
0.60843456
0.82825315
0.09161964
-0.37851703
0.60716164
0.7414872
1.0783625
1.3079444
1.2855734
1.4683537
1.5887368
1.3255713
1.3089542
1.2722154
1.4197786
1.2548165
1.7434335
1.4030498
1.520442
1.5117089
1.6779945
1.6775187
1.0594141
1.1227641
1.4059138
0.9145372
1.6050686
1.523574
1.2670679
1.2993733
1.2749826
1.2575254
1.5631188
1.5424353
1.3246517
1.6029458
1.1106656
0.57490444
-0.12043041
-1.0375232
-2.3828475
-1.8836706
-2.2618473
0.48184055
1.2147667
0.8344927
0.3072107
0.9433169
1.1295018
0.62645906
0.7273998
0.43416965
0.041024804
0.20576552
0.0609968
0.3027623
-0.19665402
-0.15046793
0.2425982
0.8268148
1.2800688
0.31943905
0.5547962
0.76525354
1.0279114
0.9057801
0.94798243
1.1676575
0.793339
0.9695874
1.2833917
1.2472839
1.1001838
0.69506526
0.5899306
0.81947577
0.6554646
0.9919801
0.8468437
1.0447568
0.9653325
1.0601674
1.0592344
0.7654375
0.9180962
1.12555
-0.95907974
-1.3169055
-0.7948452
-0.31779867
-0.5993049
-0.09432864
0.5449715
0.060312867
0.8236412
1.317087
1.1832501
1.2774777
1.4553926
1.2781684
0.7298207
0.5847496
-0.35595083
-0.9119767
-2.3840752
-1.9383328
0.27795523
-2.174339
-1.8452706
-0.5125154
-0.38601476
-1.6551087
-2.794449
-1.9887946
-0.8948498
0.09932032
0.6039602
0.7043662
0.36423725
0.15678918
-0.34023547
0.08606666
0.875252
1.1352417
1.3790572
1.2040114
1.3577447
1.0538347
1.2430663
0.37982005
0.5563021
-0.07587433
0.5597043
0.72338235
0.48263684
0.7389817
1.2998407
0.8757148
0.38931882
1.1232206
0.8819412
0.8654554
0.028283864
0.63499767
0.23267573
0.19680458
0.074178666
-0.6946783
-0.48405677
-1.5602086
-2.0420783
-0.8341391
-0.4845845
-0.729293
-2.2157052
-0.76679194
-1.102983
-2.283948
-0.21364975
-0.03856176
-0.4459563
-0.080907404
-0.6837561
-0.6086309
0.4610565
-0.6654092
-0.9651885
-2.1956308
-0.902418
-1.5209363
-0.14152771
-2.137368
-0.57875025
-1.6235821
-1.2180654
0.16052285
1.7450397
1.5856675
1.0995945
1.1164398
0.730526
-0.1072703
-0.78079057
-0.23390722
0.49546352
0.70717037
0.77434015
-0.68949866
-0.071023464
0.73519886
1.026756
1.2109613
0.9504428
0.92118406
1.2071741
0.8636008
1.3084424
0.98921025
1.0496943
0.81739986
1.0518476
-0.44660497
-0.049690783
0.55722666
1.1914216
0.52460665
-0.5686159
-2.5865026
-0.97291327
0.196684
-0.22949696
0.9143673
1.2991891
0.9829439
0.6412004
0.47969785
0.55753815
-0.20013225
0.3084399
0.60202265
1.0833569
0.5413925
0.8358989
0.64843225
0.8518468
0.37889042
-0.6651417
-0.46802938
-1.1335025
-2.246293
-2.6849492
-1.1825851
-2.0033903
-0.5969697
0.4905626
0.9487461
0.7225683
0.45990387
0.84436035
-0.07352126
0.6394527
0.9156848
0.4052173
-0.99019146
-0.20091355
0.082738906
-0.17205656
-2.2906668
-0.23985112
-0.7340301
-0.010765433
0.41524792
1.1530471
0.9000374
0.8614997
-1.1362121
-0.35121387
0.8272443
0.12822187
-2.1376646
-0.1812557
-0.46379936
-0.45455515
0.37243927
0.36762208
-1.290666
-1.7274971
-2.8296032
-2.7081282
-0.31469387
-0.71544385
-0.44739628
-0.45285964
-0.36768097
0.11429721
0.110776246
0.04325977
-0.40501744
0.74806476
0.18318278
0.5518242
0.6643674
0.11961359
-0.50291777
-0.1751064
-0.4472679
-1.0775113
-0.32894522
-0.31033927
-0.46015233
-0.06844175
-0.87905324
-0.3081348
0.21484292
0.53236246
0.7875593
0.7082299
0.5818633
1.0994704
0.22771212
-0.15481699
-0.34482157
-0.29773444
-0.36905545
0.07047987
0.19787896
0.13378158
-0.42105603
-0.10467589
-2.1325545
-2.8394384
-2.6440082
-2.7782185
-2.8656087
