0
0.35191795
0.17689836
0.06809512
0.17221022
0.3908181
0.1995863
-0.045604885
0.19525024
0.09959754
0.27300906
-0.40632844
-0.5499283
-0.12030733
0.11555743
-0.13991517
0.14068907
0.2993796
0.5033045
0.35342586
0.6770118
0.6044062
0.61362493
0.78483254
0.8518591
0.8789533
0.89327025
0.8285732
0.4245295
0.23987716
0.29153815
0.10605317
0.54202116
0.33962423
0.49272788
0.37594566
0.22358257
0.63077986
0.26549232
0.3747618
0.48730156
0.59452033
0.9342449
0.84211683
0.541097
0.38286218
0.039142877
0.43514472
0.79501486
0.67903495
0.59627694
0.24448907
0.24545944
-0.049471855
0.40901756
0.13163292
0.3740697
0.38183144
0.22226864
0.695844
0.7120718
0.77428544
0.03888929
-0.021281958
0.029349297
0.18973333
-0.07295889
0.042924702
-0.13510835
-0.3290007
-0.045780957
-0.008724809
-0.16657442
0.054134488
-0.007147789
0.6599008
-0.21987778
0.17954218
0.6102796
0.6799943
0.77758974
0.64015687
0.8893064
0.7360437
0.47353396
0.87144715
1.0222167
1.0497603
1.0504158
1.0121759
0.9933437
1.114567
0.94387937
0.7358693
0.80878747
0.35660005
0.35946745
0.5373288
0.7243638
0.88292414
0.688749
0.86830056
0.7040181
0.7218474
0.60687596
0.72006375
0.92757463
1.1611984
1.2047737
1.1133112
0.9203631
0.93513775
0.72715735
0.9901236
-0.1854853
-0.1742441
-0.28622478
-0.24880636
-0.4237768
-0.102883816
0.12828508
0.2005108
-0.07674408
-0.20217377
0.19685104
0.121751815
0.23531312
0.44140747
0.6255193
0.5642218
0.3306416
0.848621
1.1836649
1.1364769
0.9827279
1.0769935
1.4351616
0.8316648
0.28054327
0.80737275
0.6789391
0.99472994
-0.8409039
-1.2820143
0.22134936
0.81904685
-1.2872082
0.7194164
0.22658658
0.8454595
-2.3439198
-2.6682868
-1.9927106
-0.76743615
-1.9905739
-1.9404387
-2.4664545
-1.734771
-1.9350667
-1.6517057
-2.267471
-3.2837436
-1.8983641
-0.7020472
-0.16239417
-0.19895726
0.26121795
0.67648995
0.6275592
0.7184838
0.77064085
1.1832595
0.91192675
0.373644
0.894357
1.4302348
0.875929
0.8823903
1.2686036
0.46533373
1.1287055
0.71866345
0.9753418
1.0812123
0.15756074
0.67523193
0.85313016
0.88925433
0.17879403
0.57802236
0.4531141
0.5554486
0.7841923
0.78649807
0.5139765
0.6288886
0.3936341
0.18086192
0.24122807
-0.5618572
0.041745335
-0.28365576
0.005219519
0.3771763
-0.27766716
-0.32030284
0.22312003
0.15755793
0.031935066
-0.19895232
-0.5607368
-2.5309796
-1.336632
-0.5549605
-0.14300919
-0.36464667
0.22981897
0.35545468
0.33811915
0.8286005
0.3856905
0.57220316
0.8948685
-0.30021572
-2.463337
-0.7850573
0.4721808
0.07954341
0.7768197
0.35622382
0.062689185
-0.15422833
-1.1785612
-1.6562564
-1.5128284
-1.0998266
-0.90524006
-0.7859496
-0.025378168
-0.17546129
-0.1836623
0.16976175
0.5081469
-0.90943813
-1.9755926
-2.195839
-1.4519933
-1.1134186
-0.90800416
-1.070501
-0.46684593
0.3155467
0.49347597
-0.034743786
0.21887913
-1.1372478
-0.15824938
0.09015131
0.39616328
-0.7380334
0.123269945
0.061244637
0.1990923
0.45093957
0.01920122
-0.27701145
0.8174419
0.908269
0.33999467
0.19460651
-0.4200343
0.19631371
-0.46457732
-0.09445852
-0.25275546
-0.44121826
-0.8070463
-0.055949807
-0.86866736
-1.0052643
-1.0583743
-0.60751724
-1.1471058
-0.9355322
-1.0449286
-0.92400277
-1.1527113
-0.5061593
-0.19310421
-0.11962438
-1.057353
-0.45634365
-0.94334185
-0.13038975
0.4083725
-0.034888804
0.116500795
0.081908226
0.5833495
0.5125055
0.63255924
0.28306264
0.62750053
-0.20464796
-0.849221
-1.6514785
-2.784777
-1.252064
-2.748059
-0.4021564
-2.502986
-1.4146395
-0.6147835
-0.67915213
-0.46831918
-0.08408713
0.17953366
0.19617817
0.44900697
0.40099174
0.19133875
0.112568885
0.23768938
0.7850467
0.8053271
1.0294912
0.48051643
-2.7637877
-0.7608366
0.23305991
-2.6561084
-0.14753652
0.15040204
-0.0011073351
0.07797408
-0.3042419
-0.4187109
-0.14047772
0.22916624
0.33546194
0.22125572
0.175028
-0.0148278475
0.49722943
0.76666653
0.33897597
0.6745732
0.73434067
0.32914463
0.31284067
0.32615304
0.282775
-0.11180794
0.17486164
0.60036844
-0.4528908
-0.2965682
0.06833729
-0.4529218
-0.23654324
1.0566934
0.86977077
-0.4933139
-0.021443486
0.34923157
0.22051838
0.8790355
0.71893907
0.4848524
-0.12934595
0.5759385
1.4548628
0.27108088
0.34793195
0.65707046
0.7571727
0.99917233
0.7728723
1.3512754
1.1109577
0.18410662
-0.12205243
0.36424112
0.31670675
0.5842167
0.6252325
0.22168282
0.6962563
0.80674165
0.839177
0.79005605
0.67349726
0.49509785
0.5655088
0.49144393
0.82165766
-0.21583557
0.27682883
0.5763409
0.7205219
0.4890033
0.047300726
-0.56499743
-0.030580044
0.30244058
0.76565576
-0.20814586
0.059781432
-0.08065599
-0.3264274
-1.7818208
-1.1333035
-0.48469675
-0.032395065
0.23022985
-0.2954206
-0.60761344
-0.4257303
-0.46154076
-0.2734648
-1.8880854
-0.65064645
-0.16882306
-0.2782181
-1.4815676
-1.3802134
-1.6957595
-1.1743435
-0.7435287
-0.9043516
-1.6378508
-1.845201
-2.7510397
-1.6725829
-1.171537
-0.719206
-0.4150501
-0.44992316
-0.39818347
-1.0720171
-1.0024498
-0.4553972
-1.1136341
-1.0709248
-0.3285336
-0.19387144
0.22800478
-0.018815756
-0.9442452
-0.5243648
0.2048254
0.65387785
0.48173624
0.42850357
0.46520257
0.38630262
0.49142247
0.15022278
0.4353088
0.19743702
0.03718418
-1.3587716
-2.263548
-1.749043
-1.9215546
-1.984987
-1.0739455
-0.32445347
-1.0751691
-0.77821314
-1.0623468
-0.88714254
-2.2981184
-1.7759461
-1.0888886
-0.3670249
-0.5529171
-1.758817
-1.3878143
-1.3310722
-2.2016633
-2.3174412
-1.9744186
-2.5319533
-2.686191
-1.5825319
-0.06535953
0.19128656
-0.047703326
-0.5342934
-0.033798754
-0.44590914
-0.1737119
0.4638902
0.23162028
0.36263496
0.5021136
0.23986125
0.57805264
0.3918304
0.3072189
0.38661754
-0.2982756
-2.038902
-1.0264163
-0.7853663
-0.30304027
-0.4861114
-1.2224965
-1.0406922
0.06613663
-0.533831
0.41590577
0.670643
-0.53688943
0.7975166
0.7632067
0.91003907
1.1544827
1.0107174
0.90909773
0.8476367
0.948019
0.45082766
-0.35302448
-1.734837
-0.90131307
0.015143067
0.5680987
-1.845418
-0.57292676
-0.505643
-0.048289776
0.30462062
0.3628847
-2.0957859
-2.454633
-0.24195164
-1.5366838
-0.78377855
-2.0508828
-2.7421353
-1.2566037
-0.2805673
-1.0351567
-0.08939052
0.52187705
0.23354813
-0.105232894
0.35273582
0.8229693
-1.3590306
-0.4691277
0.001476109
-0.21463102
-0.38021427
-2.0232244
-2.5791473
-1.5276229
-0.8340851
-0.586336
-0.08355498
-0.056506038
-2.3931253
-1.3993151
-0.3201654
0.23219016
0.3466199
0.6362417
-0.058475494
-0.87956274
-0.702554
0.16051883
0.601336
0.4704899
0.7063414
0.045626342
0.06851846
0.277439
0.24546924
0.047936976
-0.22867721
-1.3352661
-1.9334328
-2.9540844
-2.0748963
-1.2358395
-0.6073824
-1.7049551
-2.1918828
-1.4977434
-2.050875
-2.2839844
-2.1654103
-2.6889145
-1.9537263
-0.0949536
-0.8416841
-0.70870423
-0.56388617
-0.9494624
0.16745454
-0.19451499
0.20038012
0.80485696
0.80824214
-0.033910573
-0.35040712
-0.9955492
-0.45351332
-0.094035625
0.1500816
0.031478316
-0.46943742
-1.352038
-2.4670656
-1.3925967
-1.1937593
-1.2366987
-1.3038831
-1.8520184
-2.706722
-2.8128946
-0.7566849
-0.6249335
-1.1453488
-2.310826
-1.7051909
-2.5544322
-2.3400288
-2.3830361
-1.5297835
-1.4777781
-1.8201718
-1.683285
-2.4873998
-1.058047
-0.36947936
0.07367706
0.10511243
-0.105638206
-0.0094643235
0.022519618
-0.0754143
-0.015232027
-1.0032369
-3.373813
-1.9466603
-0.6130675
-0.81835103
-0.8138095
-0.7983974
-0.35200316
-0.7440269
-1.22192
-1.4527062
-2.170137
-2.8345978
-2.6922631
-1.9289687
-1.0195591
-0.8676454
-0.25525653
-0.43728745
-0.3784331
-0.06317258
-0.9855665
-0.24728072
-0.68302107
0.19727397
-0.039176166
0.48385894
-0.25594383
0.34515268
0.36581394
-0.2725966
-0.06645709
0.2621986
0.41637605
-0.49042487
-0.20130181
0.12508461
0.32213998
0.45405936
0.45996305
0.23941028
-0.23631394
-0.32456863
-0.22954446
-0.19847995
-0.13535875
0.22291347
0.48065263
-0.5017866
-0.44641453
-1.8678946
0.0913344
-0.406806
-0.021578312
-0.022527933
0.086957395
-0.84519327
-1.0236562
-0.84901047
-0.4187904
-0.5754851
-0.26866472
0.10970959
0.404342
0.4074397
0.31352866
0.22648844
0.03285733
0.21779484
-0.068339825
0.23497364
0.2975211
0.29649013
0.098827004
-0.45383358
0.1554802
0.4538691
0.2564307
0.15881881
-0.13136548
0.40357733
-0.13921952
0.046604455
0.23638552
0.15420192
-0.82859814
-0.35206085
-0.3076877
-0.17560846
-0.124670446
-0.2510785
-0.12122631
-0.025452495
-0.10184121
-0.3626101
-0.5738822
-0.54435265
-1.2344486
-0.14978397
0.32529566
0.25259292
-0.33911544
-0.43889177
-0.9469199
-0.51636755
-0.030543625
0.21870139
-0.046091557
0.011181265
-0.64540017
-2.3157635
-1.5527496
-0.66077876
-0.055044234
-0.03426218
0.41104096
0.007884771
-0.14692491
-0.35247517
-0.16387022
0.10432592
0.015755177
-0.6095885
-1.1634549
-0.39330494
-0.27673262
0.08438575
0.059837073
-0.35221702
-0.3239544
-0.34211946
-2.229778
-2.459968
-1.5196149
-0.008229196
-0.14672184
-0.2988723
0.15228894
0.27786165
0.41859397
0.11508882
-0.44600308
-0.46181488
-0.18413639
-1.0053906
-2.2027223
-1.4262425
-0.9171958
-0.5997795
-1.9689116
-2.2856426
-2.0593615
-2.3174574
-2.5028112
-1.4369985
-0.2646023
0.09138104
0.24018812
0.22162318
0.13835067
0.23808977
-0.82555676
-0.8866916
-0.3248589
-0.112110674
-0.3125865
-1.8098109
-0.83949864
-0.0817824
0.14825487
0.46009514
0.35369897
0.25374752
0.4173767
0.55904084
0.66574186
0.6423074
0.26234475
0.5741243
0.5815161
0.6848578
0.1594964
0.28491145
0.29049176
0.40730345
0.36516702
0.20958996
0.1448693
0.307144
0.34786707
0.17592305
0.51071733
-0.314178
0.1459727
0.06534988
-0.1453759
0.26371598
0.4767268
0.47468212
0.006490737
-0.605443
-0.31011808
-0.6322757
-2.1435063
-2.3084757
-0.9169762
-1.3662065
-2.6148987
-2.9476352
-1.2867196
-0.3718645
-0.6660265
-0.1677947
0.32793385
0.24282745
0.23384613
-0.9296447
-0.7661222
-0.19769728
-0.1689753
-0.37473577
-0.43954396
-0.8274007
-0.13920915
-0.24037886
-0.86216617
-1.9911158
-0.9848033
0.48368233
0.18623489
0.09529522
0.30873683
0.5528961
-0.16994035
-1.345675
-0.5669967
-0.051311493
-1.5646801
-0.31303948
-0.05503583
-0.20889181
0.1309652
0.0028718114
-0.056774855
0.13678429
0.1099008
0.09985483
-0.21747118
0.39703852
-0.07897037
-0.062190592
-0.25077236
-0.07786298
0.03538212
-1.547406
-3.0307374
-2.4377313
-1.5400093
-1.648468
-0.3491398
-0.32913238
-0.104558885
-0.24435729
0.15949968
-0.09983522
0.12255293
0.06946647
0.09980154
-0.8866519
-0.29708868
-0.33529294
-0.8787453
-2.405773
-0.6187358
-0.41271514
-0.585423
-0.42409462
-2.0341442
-2.5510266
-1.100654
-0.28721106
-0.2773593
-0.10937184
-0.43088025
-0.21569937
-0.20828646
-0.1686446
-0.06922728
0.07684481
-0.88757753
-0.6012918
0.036184877
-0.015519917
0.12141383
-0.31904507
-0.38746274
-0.5763693
-0.82632077
-0.60350764
-0.45513874
-0.58863497
-0.6953064
-0.14465106
-0.5361638
0.22552076
0.47268477
0.7393554
0.7659002
0.6715894
0.68543017
0.35460204
0.07152715
0.07712245
-0.11293483
-0.87928355
0.01967451
-0.073331416
0.034012645
0.39996773
0.30689067
-1.6564317
-1.7067013
-0.060925305
-1.0311294
-1.5012994
-0.7848227
-1.0692896
-0.9721956
-0.46606845
-0.25596637
-0.087573946
-0.37891108
-1.0737083
-0.72251844
-1.8918264
-2.795618
-1.8235815
-0.63720036
-0.1177907
-0.34571016
0.09881303
0.12732032
0.2479622
0.2192525
-0.14453864
-1.5057564
-0.41388386
0.14061275
0.015761375
-0.20998389
-0.8743658
-0.47617972
-0.50209343
-0.017597973
0.17291602
0.011118114
0.20169637
0.23686463
0.16876763
-0.13441569
-0.3082096
-0.21117419
-0.30976146
-0.17360568
0.18953249
0.48898378
0.24306831
0.55835086
0.8495853
1.1065707
0.8519409
1.0458319
1.3510592
-0.27565378
0.6182687
0.42716974
0.58292377
0.36439708
0.10378751
0.39961573
0.20733151
0.04220423
-0.24453616
0.01300323
-2.3573947
-1.3936234
-0.21480948
-0.26834363
0.15485647
0.3098569
0.5320716
-0.70603037
-2.6268084
-0.88853645
-1.6969483
-1.7805095
-0.4663098
0.6154851
0.65511894
0.60763174
0.25250083
-0.32952547
-0.031628847
0.2986297
0.2694129
0.22367507
0.6663666
0.8349947
0.5404198
0.009330273
0.27279618
-1.243669
-0.006968975
0.3160442
0.031945825
-0.5007539
0.11764008
0.38070625
0.41124654
-0.71437407
-1.0838612
0.65728635
1.0175736
0.05212289
-0.30965292
0.32522416
0.35477266
0.6576003
0.63317806
-0.3953156
-0.28597832
-0.16315192
-0.0328238
-1.6647167
-0.21657443
-0.4260323
0.14161336
0.21362466
-0.55258584
-1.005047
-0.12522358
0.43215907
0.5748287
0.6243783
0.9909533
1.0377824
-0.18203485
0.5830104
-0.19180053
0.15896118
-0.66807353
1.0168906
0.6940564
-0.43444872
0.15694782
0.09922892
-0.05866635
0.3299933
-0.2393921
0.61799216
1.1278483
0.080076426
-0.5602691
-0.73064137
-0.95990694
-0.52992237
-0.8096117
-0.2523694
-0.19854808
0.22407275
-0.012345076
0.029192626
-0.61089253
0.40396306
0.0475325
-0.17401332
0.18744433
-0.13690609
0.4571054
-0.14499348
0.5590281
-0.20438617
-0.43184042
-0.15586108
-0.07463932
-0.04227251
-0.2968731
-0.45560122
-0.07281083
0.3241976
0.27615777
0.8582294
1.0719801
0.3663172
0.65358484
0.94227993
1.1109393
0.27832085
0.9100363
-0.56888926
-0.06954706
-0.5363083
-0.2857139
0.25565904
0.028989136
-0.30225348
-0.5857823
-1.479272
-0.2296446
0.08842349
0.078899354
0.21370608
0.3596269
-0.2612822
-0.19676888
-0.08612108
0.3624363
0.053497642
0.42914635
0.35500056
1.1378567
1.3088171
1.3332996
1.176687
0.075579315
-0.4628613
-0.40663475
-0.21881902
-0.1408022
0.37845388
0.7017697
1.0560715
1.3298134
1.2469666
1.2039047
0.51049817
1.0699499
1.1332896
0.9192662
0.7137423
0.68001676
0.50657135
0.52898353
0.80225265
-0.006252706
0.09701374
0.43071482
-0.29968548
-0.026124
-0.15104789
0.09603405
-0.3757866
0.23812628
0.2276707
0.44711334
0.4453026
0.1594511
-0.21956193
0.17451993
-0.09212273
-1.2014971
-1.637641
-0.68317723
-0.6811408
-0.7791585
0.019305736
-0.021224678
-0.03353846
-0.12840748
-0.20770293
0.08585358
0.43365052
0.6823343
0.31129622
0.2543707
0.12905285
0.10168341
0.23144811
-0.31975645
0.39702666
0.707761
0.59840727
0.7420901
0.70784926
0.4188281
0.6120039
0.41743323
0.7010925
0.8367839
0.41624886
0.46335188
0.5364739
0.4913514
-0.2697062
-0.24320626
0.077699006
-0.21783358
-0.26870906
-0.11594355
-1.2888775
-1.095588
-2.1509786
-2.001384
-2.108625
-2.4296634
-1.8760478
-0.7392036
0.09836605
0.12953511
0.4093899
0.20715666
0.297763
0.45692843
0.6019269
0.38175905
0.2468741
0.27491724
0.0059460104
0.08243653
-0.3713125
-0.55754006
0.059489936
0.19227785
-0.074778855
-0.6294974
-0.44151676
-0.19686127
0.37056354
0.28058475
0.26304588
0.38599247
0.29516643
0.066051275
0.36126894
0.44665003
0.074611485
0.06562984
0.5110404
-0.36039585
-0.059775054
-0.24426836
-0.097265005
-0.52549887
-0.3096648
-0.205594
-0.5818269
-0.46153492
-1.0948913
-1.6977873
-1.0181009
-1.7987118
-1.4313198
-1.4111799
-2.5347464
-2.6554909
-2.8210366
-3.0771806
-1.377373
-0.817847
-0.08370328
-0.6898773
-0.67521775
-1.7448521
-2.314807
-1.0725255
-2.1810489
-1.6763787
-1.1328849
-0.12547028
-0.7389885
-1.0538174
-0.9127798
-1.7675676
-1.7471371
-1.0052651
-0.53449786
-1.007699
-0.21353257
-0.15436798
-0.071440935
-0.24162686
0.32049957
0.5916251
0.65130365
0.22297361
0.12030372
-0.062112927
-0.17240566
-0.005976975
-0.121804535
-1.6879592
-1.576278
-1.0677935
-0.48235226
-0.3769288
-0.54341865
0.09602493
0.48441768
0.23425084
0.68906754
0.25417516
-0.77838135
-1.3585236
-0.07794136
0.14916325
-0.7717445
-0.797024
-1.091342
-2.2151701
-2.032754
-1.2126609
-1.1696306
-0.9952146
-1.0115205
-0.72318506
-0.25677794
0.21385702
-0.38005126
-0.49320287
-1.1063204
-0.6280439
-1.1096536
0.17329335
0.02198118
-0.6114589
0.084120095
-1.1181763
-0.1352871
0.25857848
-1.0581982
-0.96776664
-0.6234777
-0.24102277
-0.74132323
-1.7269416
-0.9406836
-0.4236921
-0.603665
-0.9422319
-0.5333806
-1.7248254
-2.1751697
-2.6429567
-0.5920135
0.15320447
0.32819074
0.7207978
0.14116949
-1.095141
-2.6918426
-2.5413597
-3.2588725
-1.3828079
-1.1402416
-1.2019253
-1.1954278
-0.98118544
-1.6943169
-0.8997357
-2.038791
-1.2759532
-0.08279115
0.37788102
0.015418738
-0.23218322
0.16858166
-0.7691914
-0.23846728
-0.08675033
-0.5876725
-1.023428
-1.4151392
-2.8268301
-2.3878005
-2.41348
-2.5597446
-1.9900823
-1.0900798
-0.71014214
-0.29698718
-0.98696077
-0.6305413
0.27265823
0.4696434
-0.90368235
-1.8366377
-2.0150135
-2.3062084
-1.2021021
-1.6174307
-2.3482282
-1.7751865
-2.298736
-2.3290024
-2.248699
-2.0316682
-1.5645134
-1.8676176
-2.5547976
-2.0927105
-1.8675368
-1.3588895
-0.5908178
-0.8469465
-2.0029876
-0.31079262
-0.47565353
-0.15857577
0.03271684
-0.2677083
0.23639706
0.733766
0.03446871
0.36550087
0.7741111
0.89020604
0.9824407
0.8636206
0.7483004
0.63806295
0.7964264
-0.3946299
0.22208756
-0.59131014
0.27958435
0.044128597
-0.029325187
0.34392732
0.54434055
0.48987928
0.09243283
-0.12174511
-0.91069746
-0.14596885
0.5490729
0.0015978217
0.35517156
0.05300376
0.3399768
0.70009303
0.7101164
0.58913815
0.6713192
0.65308535
0.65875775
0.39992666
0.7056143
0.6401203
0.5665121
-0.79303825
-1.3403822
-1.7102001
-0.36871386
-0.93258476
-0.49552852
0.28126842
0.3678468
0.33448118
0.27756894
0.07996112
1.0744493
0.88436717
0.4541179
1.0288763
0.55931896
0.5786717
0.722605
1.097528
0.7363558
0.36373425
0.49535728
-0.33456928
0.07924023
0.6172763
0.5651582
0.33281687
0.4548373
0.20151451
0.3735287
0.25947767
0.29013804
0.32312536
0.9095464
0.94235724
-0.26121557
0.46435338
-1.0376852
-0.0987975
0.51769084
0.75876
0.6599642
0.85685194
0.66195446
0.0011814237
0.25478595
1.0114317
0.94113326
0.73272854
-0.11916685
-0.6980494
-2.0941396
-2.3382406
-0.3084312
0.63064283
0.5490057
-0.78108466
-2.4129033
-1.6663408
-0.40471286
-0.31486017
-0.41079873
-0.1416462
-0.55617976
-0.17147934
0.68561846
0.4041801
0.7959735
0.4077231
0.26665294
0.6550931
0.2980107
0.49558485
0.7482657
0.9543139
0.76351905
0.9622743
0.9757966
1.0877707
-0.24374628
-0.015119612
-0.0925951
-1.1488721
-2.280535
-2.8822422
-3.0196548
-0.72932005
0.2327112
0.66411835
0.86368394
0.99267894
0.8082515
0.77884185
0.6245313
0.32784534
0.59788954
0.51086456
0.26737702
-0.3190933
-1.0604033
-1.8136852
-2.125783
-2.0322318
-1.1319405
-0.94497
-0.64343786
-1.9211421
-0.85088277
0.322794
0.2651595
0.6091324
0.24412388
-9.274483e-05
0.044626176
-0.1962139
-0.37606025
-0.08276433
0.45459288
0.5430864
0.6709378
0.1656856
-0.39461064
0.5846048
0.6877738
1.020943
1.1073945
1.2531822
1.2776494
1.3775513
1.3415508
1.1637229
1.1921823
1.322047
1.1890221
1.5017295
1.1853878
1.3585479
1.4835842
1.6203426
1.435272
1.6014731
1.4892648
1.6730787
0.9187739
1.5845503
1.3183818
1.1022571
1.2391236
1.3324825
1.4691391
1.7108997
1.500629
1.3593886
1.7815114
1.1846135
0.7415532
-0.025340319
-1.6982455
-2.5071726
-2.061934
-2.6026747
0.40263823
0.9893924
0.91671485
0.5328737
0.8464203
1.0096484
0.4443094
0.5072794
-0.028727949
-0.030313075
-0.26386166
-0.077079594
0.25117868
-0.5083457
-0.6256671
-0.18234581
0.7350048
0.94591767
0.3319369
0.55766624
0.41463864
0.92358184
1.0114564
0.9653834
1.2097467
0.519426
1.1356227
1.3652276
1.2941647
1.1025481
0.6678271
0.60185105
0.849251
0.7308009
0.76786923
0.7891352
0.89795923
1.0268126
1.1119802
1.0129321
0.4649614
0.6323179
1.1845956
-1.4794098
-1.3132249
-1.1532437
-0.3674227
-0.5645565
0.059654534
0.5336259
-0.031540632
0.9153112
0.9851637
0.9583477
1.1162505
1.177685
0.9917394
0.57502425
0.32432935
-0.6451838
-1.4747887
-3.1587956
-2.5030315
-0.11687076
-2.8753192
-1.8434641
-0.53062
-0.58569205
-1.6131687
-3.1725802
-1.9507546
-0.7476487
-0.61154914
0.1278468
0.19767147
-0.1903094
-0.33750015
-0.653149
-0.10369116
0.5798416
0.79174745
1.0278751
0.91426677
0.91902226
0.77848077
0.88047934
0.114192456
0.34401673
-0.37389034
0.27415848
0.47343016
0.3272805
0.40800303
0.98309016
0.79495937
0.28447533
0.8147912
0.67484486
0.7989013
-0.045073986
0.24110526
-0.050664663
0.14152041
0.10926366
-0.86278105
-0.7076709
-1.9419987
-2.2922158
-1.0436782
-0.6142547
-0.47289288
-2.5644429
-0.5893799
-1.3891073
-2.5933807
-0.31642556
0.075292826
-0.36279863
-0.21381599
-0.9189998
-0.8881936
0.06373161
-0.719651
-1.2631634
-2.4536426
-1.4597435
-2.0225017
-0.38956773
-2.5912085
-0.63222647
-2.0756514
-1.8740737
-0.13286293
1.1764922
1.2712996
1.1041799
1.0427843
0.55604583
-0.19173872
-0.9766216
-0.2531597
0.15712991
0.57887465
0.5898066
-1.3564903
-0.42118078
0.32741594
0.46897283
0.9983334
0.8647126
0.9576382
0.88833475
0.66088736
0.95609224
0.78043497
0.80459607
0.5040233
0.8716773
-0.68168664
-0.21733445
0.27033985
0.87737334
0.28856853
-0.54398215
-2.722049
-1.0804487
0.2658948
-0.80050564
0.5980029
1.0890236
0.6029452
-0.031709135
-0.107274055
-0.026550233
-0.67823505
0.20579448
0.64608914
1.0038091
0.26072928
0.5858949
0.53129023
0.50444764
0.29424262
-1.0331146
-0.4491136
-1.3532444
-2.343431
-2.8073695
-1.069026
-2.2955103
-0.43807054
0.47609848
0.9452908
0.5961213
0.36101067
0.6831735
-0.34782994
0.4423067
0.60202146
0.66853386
-1.2094735
-0.34629828
0.019588739
-0.21399671
-2.9330351
-0.37283146
-1.6152427
-0.36671638
0.32492512
1.0951614
1.0611506
0.7730712
-1.3620261
-0.51253164
0.94121873
0.022584975
-2.2264402
-0.39310914
-0.58986604
-1.2188832
0.20149532
0.2777394
-1.941282
-1.7867618
-2.9347742
-2.7502725
-0.69990766
-1.1147476
-0.3676647
-0.25397933
-0.47250098
-0.1830498
-0.052020967
-0.23232585
-0.5033033
0.18289602
0.046761036
0.40352303
0.61258256
0.07878888
-0.5042232
-0.07828021
-0.6956841
-1.4922035
-0.33169794
-0.50735617
-0.62194836
-0.20856571
-0.93358195
-0.48624605
0.11818007
0.4605091
0.81223893
0.65846777
0.69448483
0.79201996
0.10733917
-0.16267765
-0.3119743
-0.44984728
-0.42393333
-0.14291054
0.06284565
0.00545609
-0.52807605
-0.3405841
-1.6782637
-2.6453543
-2.3995667
-2.6053786
-2.3047893
