0
0.49951499768270996
1.3548432908980181
-1.3865471811854864
-1.914474168779364
1.5631169989386018
-0.23929744380643858
0.8470768869021454
0.19140415328024873
0.5405382699878718
-0.19873470184869893
-0.059662509009147456
1.2046862528243605
0.530808774412878
-0.998106372131904
-1.3603564654919151
-2.099433258653006
-2.5537749048378506
-0.14177924564519265
-0.4564633030080771
0.7009106225774125
-1.0418420668319295
0.7542137897123254
0.45015873566847114
-0.6991826064836124
0.7049311008285045
0.3829303384036971
0.04544818892230645
0.6990517268291028
0.8741347053193529
1.5104594594217364
0.1928425032105365
1.0540590491860695
1.3297773909145139
-0.2473196287078976
0.0374112280429404
1.261514928962925
-0.21746788636937422
0.5844957057016427
1.064916278461116
-1.1928696153170486
0.7404479370243834
0.7952827732332143
0.1057867225766445
-0.4722768558850805
-1.3619087188345744
1.794478870988797
-0.2517065582733023
1.7161677633055785
1.1331339817546204
-1.5481307347202162
0.15008408602799764
-2.4033932898003
-0.8888302192059082
0.6736279646007667
0.4809930583406502
0.037078699109858115
0.5086315442879908
-0.5202823257561656
1.0696898357220173
0.7610622282157142
0.6007351414089573
-0.4577677374763951
1.3140682693828827
1.4244598893350122
-0.28050492185098036
-1.1684572774980084
1.3812532258549133
-0.40240331543433105
0.5968612870911033
1.1830216929899526
0.8763417885840753
1.0692734743098304
-1.7842484845190325
-0.24620082789818037
-0.5521979885426155
0.37868003692911323
0.9105189862905807
-2.701098498368672
0.25167550293408614
-2.655900365605475
-0.5819126670257919
-0.5742865834825902
0.23680011175825502
-1.0133711070977107
0.18196127516215524
-0.06795800436798259
-0.5589851835921674
-1.360268676001201
-1.4920021647410981
0.5061970915809768
-2.1076292969615147
0.9628833311952714
-1.0037154791301126
0.3062173815264
-0.983813534069347
1.2313783582399755
1.667418663027438
0.4584790863800228
0.5557503952701232
1.4536109290827535
0.515637353478719
0.9248434307307749
1.448622158545997
0.5119463228880844
0.04405572470817578
1.1355726784014364
-1.7606263231799095
-1.9305339981465752
0.07358563966534125
0.3771834995733456
0.8467489620898372
-0.9827144246915501
0.7073013826440806
-0.31683808124504476
1.6085447379999944
0.3424861929161858
-0.9189415785298273
1.4599602617978324
1.3008929506516993
1.0182816301099034
-2.5386149379077674
-1.475337627064241
-0.08844563848939395
0.5101304783576955
0.38987842574204246
0.5932114593857031
0.6982927517106616
-1.972327148371003
-0.36649422754513356
1.645922486260468
0.1698957106909172
0.18059263563803257
0.812372674355273
-0.23597989514851084
1.5689601222789384
-0.032110661405036725
0.37635020285653686
0.4712767979373592
0.4747960892714536
1.2753427720595663
0.025833287356081328
0.3998008158528776
-1.6467420182818406
0.5246744358022023
-1.628535859725357
-0.6278717398516236
1.000241924533964
0.3093865924139111
1.2553509397589766
0.3815496626503847
-1.796700034287989
-1.5763398400529534
0.2900055742334539
-0.29857648224747474
0.43108564186892995
-1.9273727011058421
0.6568536405322357
-1.7878298427095427
-2.3881987810626786
0.98993050228083
-0.04758917050866044
-1.5204016292385854
0.935018976196903
-1.6108489684273928
0.24032725313219988
-0.5573354151796913
-0.9675703010066394
0.07537322311205036
-0.10830137815527904
-0.2690846337735202
0.6857247226359501
1.226176448885789
-1.0078234993462647
-0.26127861546001163
-0.3741560795976406
-0.2524678963361448
0.1537787371494621
1.2034655506710508
0.2594241388354827
1.4110007135647316
0.5821127745924559
0.27951290941862045
1.4062680725554213
0.5540332962269987
0.5480285374451342
0.7097603105173541
0.8338516009698045
-0.3267982835181925
0.12863489607873932
0.9339691657453688
0.04256255677281415
0.5780862751795077
1.173444359533051
0.47364261927448226
0.9216423376681148
0.3736069617068735
0.6304088906417015
-0.1658769376585729
0.6038377190784497
0.603353160372405
0.9472306676380222
-2.36176045559348
0.38593817457052687
-0.36348057830707853
0.07644860544304
0.2359418421814977
0.5775019679711125
0.6347821307216448
-1.4033002575027378
0.0847602265177035
1.3413867846391294
0.18180915423802627
0.0640102643710965
0.4030200368015786
-0.7883711029359871
-2.7464168513407334
-0.7594000745009546
0.18470126855315522
-0.06952646946269722
-0.9559040352176479
1.1673413090931046
-0.05425642011720983
-1.6361834790498726
-1.101513642369669
1.0020005630243956
0.3304769837563638
0.7712561630473793
0.6816755181851694
-0.06791120062432994
1.5224227319481674
0.17510801791203948
0.40724780767136654
0.6470579566387106
-0.22088297624294032
0.25656866643228704
-0.3191092780657188
-0.3225429321489651
0.6698981132524514
0.3577339122699485
0.5093330122828402
0.1574059336590687
-0.17458622086836004
1.2466499152235633
1.1326551300753502
1.4501709424298546
0.8629335490710953
0.9153758260777308
-0.12618964956569018
0.2692329723836585
0.18285495339981517
0.3362738846941348
0.6222216761242166
-0.3174853338334412
-0.4018891613210604
0.09787009177267925
0.7614282260652636
1.0540848652009103
1.0248332053709215
0.19586143535615586
0.07299197706812388
-0.7350331396105679
0.01063443594408579
0.5679058116950938
-0.2040321312263628
0.2921834292952132
-0.40829777038538717
0.2391834124530552
0.5406332957286825
1.4762798012992802
0.49603928988300267
0.5620668859685481
-2.4569879249027213
0.48302871288889954
0.9828833999403813
0.028700699248184965
0.7232960350800817
-0.8884698696460712
0.4781592382644614
0.08551949372044651
0.8800971078659909
0.22475467287151973
-0.6315785669682398
0.507994841995958
1.09994865843956
1.1716277299202889
1.5857241613077357
0.77957076830317
0.9244772818736625
1.1970876322000226
0.5085963990692373
-0.4860277174105128
0.37069282277785476
1.1909791186394734
-1.0760391454765212
-0.5536040880340323
-0.0731712510114944
-0.0061828275451589285
-1.0013297737016424
-0.06914764019131409
1.0213009788002092
1.3856941037738981
-0.021430285713603857
0.707175223821392
0.4573508137488217
1.1795909914738256
0.6265255230874136
-0.007532845302814526
0.38941439167883296
1.5082319527768522
1.056852383479325
-0.14171193548386485
0.7774465723313314
0.05320245724492622
1.600839569546452
-1.7484010834288866
0.6096184837146252
-0.5801576618417348
0.11366476720573193
-1.6454695180543444
0.41438618774667635
0.2822574846895612
0.25923955320497266
0.3807330136268604
0.6627176757537803
-0.44819585907395454
-0.06945037186322628
0.8487423494071663
0.39524672402809624
-0.4495524289150903
0.10553753398232156
1.0580885682643915
0.6649989935115016
0.9414454185401817
1.2879344194343556
0.947284859553799
0.2539306264353137
1.2240832773647508
0.33967763594395833
0.6010905253334374
-0.7132919406383813
-0.3978027450541029
0.8790751203534176
-0.21496063150537534
1.1596126864679275
0.8481317462186677
-0.8772748983294159
1.1366070060417668
0.4254902305315547
0.6718713060793795
-2.2752794489327677
0.9455007208633905
-1.523092898306683
0.9946361726254079
0.8812367458910019
-0.24491564521953205
-1.5396463566029746
0.7111074847262566
0.14425385639670688
0.696208202414451
0.7910597085050208
1.2650828170683575
0.7302475948551481
0.8069605824367148
0.5536151005134737
0.5727628627388619
0.476073364075578
1.028122158975904
0.1510762827100812
0.642890277176949
0.5681039929326116
0.24871361607048137
0.35511902661547007
0.45787033358341456
0.2718216211231817
1.4015263095336306
-2.7129405411568497
-1.5706324430727256
-0.16702352574257884
0.32763533217135804
1.3782795179564542
-0.6601519078516279
1.3166334856442254
-0.19300778294847043
-0.24450864362110888
1.4326512201343506
0.25240785015253214
-0.3418332535592711
0.180308393519568
-0.0942093351398407
-1.3781874133897296
0.05781186337696059
-0.6387922129131587
0.3886487306945805
0.5797485658565712
-0.36769509450917903
1.0173264238545077
0.7970153723535279
0.5945715371470879
-0.02588132715929377
0.4712240058823131
-0.011495982004894139
1.11147563456382
0.2957205127493023
-0.18742302223249915
0.2378676015168021
0.602275720867043
-0.31184351578775965
-0.4688414744203479
-0.16000119750233424
0.3861638161281814
-1.4400612007200178
0.7559531859198113
0.6163887522131108
-2.6917813103661903
0.6281573887228672
0.9739185479679429
-1.1438234671233676
-2.1317820426284797
0.016883377960289953
0.5174669179236464
-0.5862149280828257
0.4331338982753564
0.15146295510035948
0.9784247134409111
-0.3330911037188943
-0.6136282706467074
-1.6841040514927301
0.5303706718615714
-0.7879909993020242
1.351012073322196
0.7849135366765446
1.091172927930241
1.2967588963985996
-2.759394897913904
0.36884514353784886
0.3102958151061312
-0.8022442071280406
0.0649175400948891
0.8902896485422773
0.5381500618499039
0.8010093230414259
-0.34010660695424044
0.546878628807996
0.1828241632264753
-2.477543948275717
0.6100667228283367
0.6391402157702608
0.09439283250348611
-1.655359594746198
0.6361528785648893
1.3052579767573584
1.7009200717224389
-0.0802579120670962
1.4385215461060417
0.976411395502827
0.3475472621793709
0.26619631457147247
-0.004764581998524316
-0.2680398766265735
0.41097361950686145
0.8598238120643762
0.3830126523894718
-0.5117718703639715
-0.7435469831208643
-0.09818291045694748
0.20072652577311278
1.5426659306433865
-0.16930887185116977
-0.20494513976780404
0.04163461428676882
-0.10820774280294733
0.8220860492027434
0.24919470677680802
0.8477080015342465
0.6323455016457608
0.1948415522427252
-0.38808652519792775
-1.1771152648380427
0.4182569935290498
0.16197917408484236
0.6613477961715473
-0.1397082274641922
1.0605472902000892
1.4049201846842634
-1.837537212751252
0.7674748073369521
1.2721479580814956
1.05187565360236
0.21896114370654432
0.29706185694289194
1.1515090795702596
-1.3560580586673958
0.7967933363203977
0.3590889844112624
0.6819342776440449
0.759275674227609
-1.2585017359112673
1.0627694293026375
-1.151494512794744
-2.0222007316061745
0.5766280295480523
0.42500809565840186
0.3861527918013882
0.3698846375242112
0.8657153936129535
1.2762942157933403
-0.3360303517234974
0.878978162542846
0.38779701929528004
1.472201600541644
0.964382971825321
0.7311069005592452
-1.780967921545046
1.3469413254497908
0.8845025510965531
0.25968219006174287
0.42944347903435715
-0.9225737593034475
0.14109497976824117
0.8850992745120344
-2.7060843798500587
0.620411945899216
-0.5702313962504051
1.0101796115796264
0.2932801973635701
0.5791664933095474
0.9540061559778972
0.42180686213194196
-0.9977300252903083
-0.7525936481202888
-1.2907114999356855
-0.555706996137169
1.3312583541777796
-0.7848400996206512
-2.5436737702188688
-0.1832606139110135
-0.512714180484398
-1.0535395275460913
-0.7210448210577187
-0.03746615643540275
0.4688423708893319
0.02811417992705576
0.5260224820721117
1.6267979245220225
-1.6598708757526193
-2.002635413633955
-0.7188923390256239
0.7835904256397677
0.7580986103189837
0.9473935571123528
0.49104335612263916
-0.7911440482399552
0.8335752172638913
-0.7478061680508362
-0.5542930663872472
0.6645117744938002
0.7875660139574786
0.4306091147460641
-0.12189472293665993
-2.5207272551276234
0.1813584965921484
0.8150283230130216
0.307905986529972
1.4544736379876193
-1.7466599578853919
-0.22853933230507467
-0.8033475847407424
0.2947991477329032
0.4575827961841485
0.5652274317533593
0.18328245679237617
1.4198880819962627
0.48090115702732456
0.6069577830881601
1.0010128060901828
0.2589054334148207
0.47558260725162316
-0.08436267076395876
