0
0.5072761
1.1849601
-1.1916801
-2.130416
1.7625108
-0.2630918
0.8204894
0.051862568
0.28631568
-0.055493474
0.111450344
0.9892096
0.35118672
-1.0465282
-1.5348599
-2.4274144
-2.808596
0.08547872
-0.35502183
0.6436194
-0.924593
0.79115295
0.6048473
-0.5280142
0.8722523
0.47717708
-0.42785794
0.5321139
0.8556216
1.435029
0.06643522
1.2707486
1.4677861
-0.48053747
-0.20108765
1.3494666
-0.17562932
0.5913025
1.0088679
-1.1099691
0.72954524
0.72837865
0.22015488
-0.90878165
-1.603456
1.708773
-0.43046647
1.7670212
1.1640086
-1.2439845
0.28724062
-2.6737998
-0.8905616
0.57222164
0.30725557
-0.015330613
0.55243504
-0.3377486
1.064856
0.5257892
0.37745368
-0.4296646
1.2969902
1.3404497
-0.02169013
-1.2673318
1.2093775
-0.3443159
0.46083394
1.4625809
1.0215514
1.1726027
-1.3264443
-0.3195268
-0.627398
0.36187646
0.84199864
-2.3118184
0.1639955
-2.560253
-0.26876336
-0.6420392
-0.059137225
-0.814222
0.109781414
-0.04157889
-0.6897304
-1.4873167
-1.421318
0.4936397
-2.5457618
0.9515066
-0.88071513
0.3528629
-0.83571684
1.2717307
1.8584635
0.62728095
0.566775
1.4917779
0.40425384
0.88821137
1.1288447
0.5970648
0.2352826
1.0427835
-1.8629291
-1.610188
0.051273882
0.66427773
0.56114763
-0.7393733
0.74165124
-0.42320502
1.6026508
0.3623206
-0.65197086
1.4660834
1.1526804
0.90367234
-2.5943575
-1.2284305
-0.33993948
0.40244013
0.4391642
0.42237955
0.72798276
-1.8426766
-0.37065715
1.8423796
0.27156693
0.18844754
0.79323006
-0.3615272
1.6199254
-0.13923073
0.72842586
0.27283925
0.543809
1.2497618
0.14627683
0.5237729
-1.6404798
0.5503571
-1.9281933
-1.1020372
1.0097878
0.26449242
1.0953236
0.4181847
-1.7520871
-1.4785205
0.28316325
-0.1383586
0.3913753
-1.9138968
0.67673516
-1.9808011
-1.7067912
1.0369709
-0.39814895
-1.0406588
0.8840369
-1.5249126
-0.12668872
-0.5204979
-0.84939027
0.22103238
-0.0026698112
-0.32836652
0.6112845
0.9928649
-1.1002202
-0.15522659
-0.16348583
-0.55507565
0.26049435
1.183399
0.24136361
1.3197846
0.46430248
-0.052349865
1.7116914
0.7658591
0.37278184
0.6993583
0.8175985
0.056211352
0.15763888
0.7623486
-0.05204004
0.6107891
1.1107848
0.48618576
0.82416564
0.7922828
0.61185503
-0.29699224
0.43856385
0.6183863
0.8360991
-2.2318869
0.3033636
-0.40242547
0.06704679
-0.13180876
0.4302231
0.709388
-1.5180619
0.27398306
1.4905227
0.106215656
-0.040760577
0.47532547
-0.6772256
-2.9242737
-0.9694028
0.27845544
0.21100101
-0.96194625
1.2407022
-0.24026012
-1.4757196
-1.3421483
1.15469
0.32682508
0.98151267
0.7823485
0.060534686
1.6169987
0.29788995
0.4355337
0.6139567
-0.24934018
0.07781282
-0.5029714
-0.59255254
0.69281894
0.1849893
0.6167608
0.38084736
-0.29628915
1.2001287
0.9648886
1.511417
0.75856936
0.8114846
-0.06027913
0.11518508
0.24522799
0.5175196
0.44503552
-0.3577701
-0.36088616
0.11803025
0.72200036
0.83480215
1.047898
0.073527575
-0.14843261
-1.033187
0.2822772
0.5168474
-0.4067229
0.38127363
-0.56269526
0.27641827
0.35772288
1.3986664
0.4911265
0.44264308
-2.44094
0.44388494
1.1856383
-0.12917852
1.0084047
-0.8356918
0.56396204
0.21334395
1.0677156
0.18784758
-0.48916417
0.53331596
1.103425
1.2007567
1.4097172
0.80171263
0.7789382
1.1184931
0.53241825
-0.109552264
0.3257066
1.1024928
-1.0496857
-0.7019627
-0.15986001
-0.03438741
-0.8336632
-0.5322231
0.8565843
1.373102
-0.100227356
0.6734212
0.2973752
0.7349704
0.68338025
0.016237885
0.29254133
1.3643825
0.9829109
-0.007896006
0.59160006
-0.21450347
1.6283023
-2.0006487
0.74086696
-0.78609574
-0.060265422
-1.8469834
0.435605
0.4650732
0.0070747435
0.322246
0.60200375
-0.465218
-0.10592103
0.9377011
0.43509552
-0.28160524
0.10386348
1.0545452
0.7073374
1.0750773
1.4413394
0.92126065
0.4436475
1.2795863
0.2219041
0.2971154
-0.40824902
-0.19787103
0.88910294
-0.31147176
1.4591029
0.6274476
-1.0452535
1.0529466
0.5529726
0.7896713
-1.8558388
1.0176214
-1.6876936
0.7825935
0.80098796
-0.28080678
-1.6235921
0.764382
0.23599005
1.160181
0.7413863
1.0179398
0.8462615
0.73367053
0.6340039
0.3458602
0.4811865
1.0907266
0.09414214
0.7346864
0.49669662
0.25023836
0.40019882
0.496322
0.39386433
1.4766634
-2.4844987
-1.1352681
-0.13453096
0.07873854
1.3416958
-1.0795876
1.6387916
0.070258945
-0.16674614
1.7635765
0.36411637
-0.20675004
0.025143325
-0.14057744
-1.6675272
0.08633649
-0.67177105
0.24590647
0.6451239
-0.37092322
1.0575814
0.9512516
0.463557
-0.17918837
0.36026487
-0.008164167
1.2573636
0.3258714
0.21230641
0.2945205
0.65140307
-0.31321377
-0.5003679
-0.1713627
0.48471862
-1.4984742
0.87281483
0.60152626
-2.9943395
0.4176836
1.1669291
-0.8738091
-2.3371673
-0.014532924
0.5983202
-0.989753
0.27833363
0.22233841
0.9586456
-0.5131118
-0.80835164
-1.870619
0.63000494
-0.79388916
1.258147
0.5831266
1.1043006
1.3102088
-2.8361452
0.12853688
0.24863333
-0.37842298
-0.08681381
1.1183865
0.69278955
0.7386265
-0.18882793
0.7036859
-0.050736547
-2.603617
0.5891338
0.43857077
-0.0864712
-2.0399163
0.6742699
1.2192321
1.827766
-0.040927947
1.4670366
0.8157714
0.2233232
0.30858478
0.18277022
-0.07474619
0.29997373
0.61409575
0.49137282
-0.57392895
-0.5163127
-0.15611297
0.27497572
1.461129
-0.22588259
0.16916293
0.072028935
0.13073581
0.8018968
0.11049378
0.7783531
0.78875244
0.22065938
-0.10642856
-1.1985438
0.26691806
0.15953112
0.5454881
-0.31554163
0.9175281
1.0561991
-1.8937001
0.9805076
1.314966
1.0421166
0.21950379
0.127776
1.2239957
-1.4047983
0.8121642
0.27912092
0.7697042
0.77028304
-0.78732145
0.9821165
-1.1104273
-2.4104562
0.42981157
0.36147928
0.20573524
0.3758542
0.9851232
1.1228663
-0.15501446
0.84760606
0.25169104
1.6511889
0.86844945
0.7644918
-1.9896138
1.4487293
0.9780316
0.4199465
0.49469924
-1.0084211
0.10681102
0.8980319
-2.6329176
0.76841927
-0.5326308
0.7574749
0.29831904
0.4329687
0.7670359
0.41415334
-1.159156
-0.4292776
-1.1515496
-0.6372814
1.3645732
-0.4551044
-2.6913395
-0.16513783
-0.49416798
-1.0761282
-0.9639995
-0.100150585
0.32490966
0.3150941
0.4582429
1.749552
-1.6594131
-2.0949466
-0.45473504
0.72938764
0.69592565
0.86305714
0.61570024
-0.999002
0.7605751
-0.52018976
-0.7830572
0.80605984
0.8592961
0.3905966
-0.03753692
-2.5038173
0.1881361
0.9626628
0.26974505
1.3674114
-1.5436625
-0.38352078
-0.6181257
0.2867277
0.212863
0.9447966
0.24969232
1.350225
0.43917745
0.5844808
0.9237022
0.50201905
0.59853655
0.03126204
