0
0.41711
1.31505
-1.3571499999999999
-1.9720700000000009
1.807129999999999
-0.18055
0.8177499999999998
0.2370099999999999
0.4481399999999999
-0.09076000000000002
-0.021059999999999985
1.1512499999999997
0.5477200000000001
-1.1338000000000001
-1.5464699999999993
-1.6270000000000002
-2.67807
-0.5419900000000001
-0.6582500000000003
0.6164600000000001
-1.0384099999999998
0.7983600000000002
0.44516999999999984
-0.6824300000000002
0.6786299999999996
0.35172000000000003
-0.18181
0.6135999999999998
0.8197099999999996
1.3662400000000003
0.24550999999999998
0.966
1.2995300000000003
-0.2992799999999998
0.05199999999999999
1.1753400000000003
-0.17153
0.5490600000000002
1.1517500000000003
-1.1585899999999998
0.8267600000000002
0.7178100000000001
0.00607999999999999
-0.6300999999999997
-1.3231800000000007
1.81693
-0.23708
1.8212800000000002
1.22829
-1.3435900000000007
0.19310000000000002
-2.6794100000000007
-0.78179
0.7849899999999999
0.25561999999999985
0.10499000000000004
0.5252400000000002
-0.45754
1.008720000000001
0.6408299999999997
0.6527299999999999
-0.36547
1.2982699999999996
1.5266600000000006
-0.25813
-1.2405300000000001
1.3211499999999998
-0.2938700000000001
0.49463000000000035
1.3450400000000005
0.8674899999999998
1.0556799999999997
-1.3717100000000002
-0.09448999999999998
-0.5117499999999997
0.47399999999999953
0.8842799999999995
-2.355620000000001
0.41650000000000015
-2.733239999999999
-0.46899000000000013
-0.4495299999999999
0.16138999999999995
-1.0219200000000002
0.1697599999999999
0.027059999999999994
-0.42721999999999993
-1.492990000000001
-1.3177300000000005
0.47396
-2.3296
0.9453499999999999
-1.05199
0.28712
-0.8220200000000004
1.1999800000000003
1.8387799999999999
0.5866400000000003
0.60933
1.3577999999999997
0.3987800000000001
1.1018799999999995
1.2879100000000008
0.5068799999999999
0.15046999999999996
0.9523000000000001
-1.7864900000000004
-1.9608600000000005
-0.07946000000000003
0.37304000000000004
0.7454500000000001
-0.91629
0.8427799999999999
-0.24462000000000012
1.4756300000000004
0.29898
-1.00767
1.4078800000000007
1.2547000000000001
1.18936
-2.70807
-1.1753
-0.2342699999999999
0.50335
0.28674
0.75389
0.71927
-2.0525600000000006
-0.4401000000000001
1.60715
0.17764999999999997
0.25354000000000004
0.8972300000000009
-0.11302000000000001
1.7167499999999998
0.1728
0.5323
0.3973200000000003
0.5934200000000001
1.2073099999999999
0.16301
0.5115800000000003
-1.8337299999999994
0.5471600000000001
-1.7109999999999994
-0.67089
0.9012699999999997
0.3655100000000001
1.2011200000000004
0.3974299999999999
-1.6237600000000003
-1.2606499999999996
0.26320999999999994
-0.34819
0.4519799999999999
-1.8520200000000004
0.6660599999999998
-1.5162400000000003
-2.326649999999999
0.96881
-0.009059999999999986
-1.5618599999999996
0.8894299999999995
-1.9212100000000003
0.35935000000000017
-0.4260499999999999
-0.6794600000000002
0.03568000000000002
-0.16536999999999996
-0.31601
0.6510999999999999
1.0726600000000004
-1.1002799999999997
-0.32934
-0.37949
-0.47319999999999995
0.20322999999999997
1.1803200000000003
0.18584000000000014
1.35486
0.6793500000000003
0.41107
1.6850999999999992
0.5749500000000001
0.42866
0.7683299999999998
0.8563100000000001
-0.27530999999999994
0.08004
0.9366100000000006
0.10146
0.6296900000000002
1.2597700000000005
0.3842199999999999
1.0043999999999997
0.7746400000000006
0.6503200000000001
-0.17180000000000004
0.42816000000000004
0.6002500000000002
0.8736100000000002
-2.3343900000000004
0.4167499999999999
-0.25627
0.2022500000000001
-0.21141999999999997
0.56964
0.7035400000000002
-1.4273099999999992
0.27347
1.4992999999999994
0.24968000000000004
0.11398
0.4387400000000001
-0.66998
-2.6688400000000003
-0.8171700000000002
0.2837700000000001
0.13763999999999998
-1.0295599999999994
1.21889
-0.08045000000000004
-1.5423699999999996
-1.25216
1.0359399999999999
0.23130999999999993
0.7400999999999999
0.6581800000000004
0.03364000000000001
1.6458199999999996
0.25172000000000005
0.41083000000000003
0.5496400000000004
-0.14684999999999995
0.29016000000000003
-0.4934400000000001
-0.16085999999999995
0.6636700000000003
0.2286000000000001
0.6001200000000001
0.4691299999999998
-0.30990000000000006
1.1902699999999997
1.0972699999999995
1.4188500000000008
0.7650000000000001
0.95004
-0.08878
0.19638000000000003
0.3166700000000001
0.40445999999999993
0.7004400000000004
-0.38743999999999984
-0.5146000000000001
0.23677
0.7273399999999997
1.0298399999999999
0.9344900000000002
0.23232
0.04887
-0.8065600000000002
0.10872000000000004
0.5444700000000001
-0.47321000000000024
0.48282999999999987
-0.3706399999999998
0.13727999999999996
0.48063000000000017
1.52929
0.5119199999999998
0.43934999999999996
-2.4288000000000003
0.49685000000000007
1.0400999999999996
0.09592
0.7326800000000003
-0.7382299999999998
0.6184700000000002
-0.0018899999999999883
0.9372699999999999
0.23127000000000006
-0.75992
0.5507099999999998
1.0923800000000001
1.19421
1.5346000000000006
0.7846100000000003
0.8869199999999993
1.2979700000000005
0.4157299999999999
-0.4121400000000001
0.21861
1.197310000000001
-1.20539
-0.5359699999999998
-0.03814999999999996
-0.07487000000000002
-0.7438500000000003
-0.3465
0.93616
1.553510000000001
-0.047279999999999996
0.54434
0.41929000000000016
1.0228700000000002
0.58435
0.11541999999999998
0.28458000000000006
1.3826700000000003
1.07438
-0.10079999999999999
0.7076700000000002
-0.016069999999999977
1.6196899999999996
-1.6269000000000005
0.7099800000000002
-0.46667999999999976
0.22095999999999993
-1.495200000000001
0.44014
0.39126999999999995
0.07243000000000001
0.3663699999999999
0.60039
-0.4676000000000001
0.052000000000000005
0.6950500000000001
0.33024000000000003
-0.4008899999999999
0.0834
1.06488
0.6237200000000006
0.7401900000000002
1.2104000000000001
0.9024400000000002
0.26250000000000007
1.5404400000000005
0.21980000000000005
0.5359699999999998
-0.48259999999999986
-0.0023499999999999945
1.00403
-0.19669999999999999
1.1051199999999997
0.7467099999999997
-0.87882
1.0816499999999998
0.4700799999999999
0.5690200000000002
-2.113530000000001
1.2234200000000006
-1.68103
0.8083300000000004
0.9908599999999999
-0.04791999999999999
-1.4731900000000004
0.7940299999999999
0.20725999999999994
0.8454200000000003
0.74113
1.1236600000000005
0.80757
0.7528899999999998
0.5754800000000003
0.4394599999999999
0.5274899999999999
1.0624899999999997
0.2908000000000001
0.62836
0.47737
0.2498299999999998
0.3993799999999999
0.5930400000000002
0.4244700000000002
1.6476299999999984
-2.52918
-1.5300000000000002
-0.08478000000000002
0.1457
1.4207899999999998
-0.8571799999999997
1.6466800000000001
0.07898999999999999
-0.12695999999999996
1.7718299999999996
0.1958600000000001
-0.4046400000000002
0.1607
0.027419999999999996
-1.42869
0.006929999999999994
-0.56188
0.43772000000000005
0.5295700000000001
-0.42200000000000004
1.1088000000000002
0.8659200000000002
0.5015100000000003
-0.12602999999999998
0.4144500000000002
0.02237
1.1861799999999993
0.22793999999999992
0.001039999999999997
0.35424
0.6387299999999996
-0.17103000000000004
-0.37529
-0.25293000000000004
0.38901
-1.6334600000000004
0.78306
0.6358700000000002
-2.84306
0.6749099999999996
0.9296499999999994
-0.8903900000000007
-2.018299999999999
-0.027510000000000003
0.5894499999999998
-0.7573500000000002
0.4121499999999999
0.22404000000000004
1.0067499999999996
-0.3726200000000002
-0.4683800000000001
-1.7485799999999996
0.48626000000000025
-0.78625
1.3383599999999993
0.7909600000000002
1.1700300000000003
1.2596399999999999
-2.6935499999999983
0.1803299999999999
0.31991
-0.8136999999999999
0.06383000000000003
0.9363699999999998
0.5914600000000002
0.9270900000000002
-0.4686799999999998
0.64523
-0.13412999999999994
-2.430270000000002
0.63808
0.5071100000000004
-0.10344999999999997
-1.7633400000000012
0.6268799999999998
1.4143800000000002
1.8340999999999987
-0.026819999999999997
1.2770799999999998
1.0001699999999998
0.2840699999999999
0.27319000000000004
0.11646999999999996
-0.3635499999999999
0.3374600000000001
0.78133
0.4279600000000001
-0.7712399999999999
-0.5452899999999999
-0.03859000000000002
0.3790800000000001
1.4342899999999994
-0.20712999999999998
-0.018190000000000005
-0.08726000000000003
-0.06743000000000005
0.9007499999999997
0.2650399999999999
0.8066400000000005
0.7554999999999997
0.15398000000000006
-0.42111000000000026
-0.8302199999999997
0.35078999999999994
0.20379000000000003
0.7552700000000003
-0.15540999999999996
1.0308700000000006
1.2058800000000007
-1.8359300000000007
0.6873100000000002
1.1405599999999994
1.1163399999999999
0.19289999999999993
0.44162
1.09193
-1.3213600000000008
0.7771600000000001
0.40142999999999995
0.6400400000000004
0.7713599999999999
-1.05989
1.006240000000001
-0.9816700000000003
-2.3303499999999993
0.45302
0.22658999999999999
0.28454999999999986
0.37406000000000006
0.7528800000000004
1.4732700000000003
-0.019129999999999998
0.8010199999999998
0.3954600000000001
1.6212999999999997
0.9167399999999999
0.6221099999999998
-1.8329300000000013
1.1608999999999998
0.8569300000000004
0.1524499999999999
0.44726000000000016
-0.79753
0.18894000000000008
0.8617200000000003
-2.5280199999999997
0.7991800000000002
-0.5689500000000004
0.9430700000000002
0.31142000000000003
0.7138200000000002
0.9659699999999997
0.4083899999999999
-1.0045000000000004
-0.7053899999999997
-1.3662400000000003
-0.6061499999999999
1.6309599999999997
-0.7506999999999999
-2.59481
-0.16610999999999998
-0.6487599999999999
-1.4615199999999988
-0.6306799999999998
-0.20911000000000002
0.38535000000000047
0.10344999999999999
0.4084700000000001
1.777459999999999
-1.4520799999999996
-1.8902000000000008
-0.6942100000000002
0.7333999999999999
0.80239
0.94377
0.47645999999999994
-0.76331
0.8480899999999998
-0.7290400000000001
-0.3629900000000002
0.6035400000000002
0.6922200000000004
0.4141900000000001
-0.18353000000000008
-2.49037
0.17923000000000008
0.7384999999999997
0.24426000000000003
1.4594999999999998
-1.679620000000001
-0.10672000000000002
-0.66857
0.30316999999999994
0.41698000000000024
0.6533300000000001
0.12696999999999997
1.29681
0.3944700000000001
0.53307
0.9494300000000002
0.22521999999999998
0.50467
-0.19691
