0
0.5430933997509352
1.3306175438596493
-1.04661649944259
-1.958595744680852
1.7225197368421064
-0.6982260162601611
0.6606475409836061
0.26559335038363147
0.5430933997509352
-0.1880289855072468
-0.07894149659863911
1.039750000000001
0.5747617801047119
-1.141146579804561
-1.25259095477387
-2.080510526315794
-2.21818412162162
-0.9078625592417066
-1.0083246753246753
0.5578152492668621
-1.141146579804561
0.6606475409836061
0.48332363636363623
-0.9078625592417066
0.6250272952853595
0.5430933997509352
0.1226492307692308
0.798275
0.6898418079096049
1.3499074074074064
0.47287650602409714
0.943945945945946
1.525386486486488
-0.8544350000000017
-0.019166077738515905
1.3389709543568484
-0.31941843971631145
0.7188333333333341
0.7709252336448595
-1.1846010362694188
0.7494756493506487
0.5430933997509352
0.028600000000000122
-0.9542014285714301
-1.141146579804561
1.3499074074074064
-0.11414285714285707
1.7275999999999998
1.3169845679012344
-0.916887573964494
0.1647655367231639
-2.281444444444444
-0.916887573964494
0.798275
0.37655270655270645
0.14069597069596979
0.49082679738562096
-0.6433378378378386
0.7709252336448595
0.779396226415094
0.7188333333333341
-0.5605998573466485
1.3306175438596493
1.4580204678362554
-0.5337165775401072
-1.0476339622641522
0.9437700934579437
-0.4245647482014392
0.6303422818791945
1.3538649885583527
0.7494756493506487
0.8368983739837395
-1.2133103448275842
-0.1481161695447414
-0.5605998573466485
0.4194324324324327
0.7662892561983466
-2.2012744783306646
0.33107508532423224
-2.277538681948418
-0.8040114854517616
-0.817008113590263
0.1426645702306081
-1.141146579804561
0.4194324324324327
0.18078613861386159
-0.576352293577981
-1.3421833712984048
-1.25259095477387
0.49082679738562096
-2.080510526315794
0.798275
-1.0083246753246753
0.32295387840670847
-1.0887957099080712
0.896376590330787
1.3389709543568484
0.38050625000000027
0.48332363636363623
1.353524999999998
0.47287650602409714
0.8217181818181816
1.3169845679012344
0.5878571428571425
0.06608205128205133
0.8872340425531917
-1.8795450819672095
-1.505700867052021
0.1647655367231639
0.4194324324324327
0.7050197368421062
-1.141146579804561
0.7494756493506487
-0.4245647482014392
1.7148125
0.4194324324324327
-1.1860502793296095
1.3499074074074064
0.8829518072289153
0.8740180180180172
-2.2296381578947386
-1.2261743542435464
-0.07894149659863911
0.7050197368421062
0.3039314285714284
0.7530257731958747
0.7494756493506487
-1.958595744680852
-0.439067264573991
1.5347958115183247
0.15502192982456175
0.20804166666666674
0.7975188679245279
-0.31941843971631145
1.5347958115183247
0.1647655367231639
0.14069597069596979
0.5128737541528241
0.5668543307086609
1.0967676470588246
0.20804166666666674
0.5747617801047119
-1.733434451219517
0.5878571428571425
-1.7021407407407412
-0.439067264573991
0.9437700934579437
0.45972077922077903
1.4580204678362554
0.47287650602409714
-1.3237669565217443
-1.1794771622934874
0.32295387840670847
-0.3527055555555559
0.5578152492668621
-1.311623601220749
1.027855371900827
-0.9542014285714301
-2.2012744783306646
0.7050197368421062
-0.07971207430340559
-1.3635833333333336
0.8872340425531917
-1.505700867052021
0.47287650602409714
-0.47837209302325573
-0.8040114854517616
0.18078613861386159
-0.11414285714285707
-0.8544350000000017
0.5747617801047119
1.039750000000001
-1.2055365853658535
-0.439067264573991
-0.47837209302325573
-0.24912149532710265
0.1647655367231639
0.9437700934579437
0.03443907156673092
1.1868359375000015
0.8284324324324324
0.5747617801047119
1.1868359375000015
0.6803861788617881
0.5128737541528241
0.6250272952853595
0.7709252336448595
-0.691184750733138
0.2243233830845769
0.8740180180180172
0.06608205128205133
0.6687572815533969
1.1868359375000015
0.48332363636363623
0.8368983739837395
0.46685585585585593
0.5747617801047119
-0.25432028469750906
0.6606475409836061
0.6829103773584903
0.8829518072289153
-2.214561538461533
0.6803861788617881
-0.1880289855072468
0.3039314285714284
0.32295387840670847
0.6250897435897427
0.45972077922077903
-1.04661649944259
0.1647655367231639
0.896376590330787
0.3224428044280441
0.3450599173553718
0.47287650602409714
-0.8544350000000017
-2.2796028708133935
-0.9605266272189354
0.3039314285714284
-0.006908309455587408
-1.0464087591240827
1.4580204678362554
-0.439067264573991
-1.235055674518199
-1.17738041958042
0.8061818181818176
0.20804166666666674
0.6250272952853595
0.5578152492668621
-0.043267441860465085
1.3499074074074064
0.14069597069596979
0.5878571428571425
0.49082679738562096
-0.019166077738515905
0.37655270655270645
-0.8040114854517616
-0.3729078212290505
0.6303422818791945
0.37655270655270645
0.5878571428571425
0.4194324324324327
-0.4503932038834955
0.896376590330787
0.896376590330787
1.3499074074074064
1.027855371900827
0.6803861788617881
-0.31133430232558135
0.32295387840670847
0.38050625000000027
0.38050625000000027
0.779396226415094
-0.5409735099337745
-0.4245647482014392
0.20804166666666674
0.7530257731958747
0.8872340425531917
1.0967676470588246
0.26559335038363147
0.14069597069596979
-0.8978931372549004
0.33347331786542944
0.46685585585585593
-0.24912149532710265
0.5128737541528241
-0.07894149659863911
0.33347331786542944
0.7494756493506487
1.5607873015872995
0.654174013921114
0.6303422818791945
-2.2796028708133935
0.5128737541528241
0.9437700934579437
0.18078613861386159
0.7288125000000004
-0.7854848484848483
0.5430933997509352
-0.576352293577981
0.8217181818181816
0.346507092198581
-1.0083246753246753
0.5337777777777785
0.9437700934579437
1.0967676470588246
1.3389709543568484
0.5668543307086609
0.8368983739837395
1.0967676470588246
0.47287650602409714
-1.0476339622641522
0.37655270655270645
1.3306175438596493
-1.17738041958042
-0.25432028469750906
0.1647655367231639
-0.11414285714285707
-0.8040114854517616
-0.043267441860465085
0.7555114155251137
1.0967676470588246
-0.006908309455587408
0.5878571428571425
0.5128737541528241
0.8740180180180172
0.49082679738562096
0.08155913978494628
0.4355252225519286
1.5607873015872995
0.8284324324324324
0.06608205128205133
0.8368983739837395
-0.31941843971631145
1.5607873015872995
-2.035556534508077
0.5973515624999989
-0.6186335766423374
0.33107508532423224
-1.235055674518199
0.7050197368421062
0.5578152492668621
0.33347331786542944
0.5430933997509352
0.660104986876641
-0.9542014285714301
0.06608205128205133
0.7050197368421062
0.20804166666666674
-0.2062600000000001
0.2243233830845769
1.5607873015872995
0.7494756493506487
0.8829518072289153
1.3169845679012344
0.7530257731958747
0.26559335038363147
0.896376590330787
0.32295387840670847
0.6687572815533969
-0.5409735099337745
-0.019166077738515905
0.8872340425531917
-0.07829401993355431
0.7985260869565216
0.6829103773584903
-1.130378138847855
0.7985260869565216
0.38050625000000027
0.5430933997509352
-2.2012744783306646
1.0101280000000006
-1.2158646616541375
1.3538649885583527
0.8740180180180172
-0.1481161695447414
-1.3237669565217443
0.7709252336448595
0.15502192982456175
0.7530257731958747
0.5973515624999989
1.1868359375000015
0.7050197368421062
0.6829103773584903
0.5747617801047119
0.5747617801047119
0.32295387840670847
0.759544871794872
0.26559335038363147
0.6606475409836061
0.47287650602409714
0.18078613861386159
0.45972077922077903
0.5430933997509352
0.4208543689320386
1.039750000000001
-2.227555160142346
-1.9162828828828748
-0.09366371681415935
0.37655270655270645
1.3389709543568484
-0.8978931372549004
1.525386486486488
-0.07894149659863911
0.028600000000000122
1.6336586826347315
0.346507092198581
-0.8040114854517616
0.4194324324324327
-0.2062600000000001
-1.227435897435898
0.03443907156673092
-0.9078625592417066
0.6250897435897427
0.49082679738562096
-0.5980709219858154
0.8740180180180172
0.7662892561983466
0.5747617801047119
0.18078613861386159
0.4194324324324327
0.11318312757201644
1.353524999999998
0.3224428044280441
0.1226492307692308
0.33347331786542944
0.9437700934579437
-0.11414285714285707
-0.6861982758620677
-0.25432028469750906
0.4208543689320386
-1.235055674518199
0.6303422818791945
0.5430933997509352
-2.227555160142346
0.7530257731958747
0.759544871794872
-0.9542014285714301
-1.311623601220749
-0.006908309455587408
0.5578152492668621
-0.5980709219858154
0.5337777777777785
0.3450599173553718
1.027855371900827
-0.6982260162601611
-0.9078625592417066
-1.7021407407407412
0.48332363636363623
-0.8040114854517616
1.3389709543568484
0.7555114155251137
1.1868359375000015
1.6389703703703677
-2.281444444444444
0.11318312757201644
0.3450599173553718
-0.9714316197866207
0.14069597069596979
0.6250272952853595
0.6303422818791945
0.8045000000000003
-0.29507096774193553
0.5878571428571425
0.18078613861386159
-2.277538681948418
0.48332363636363623
0.6606475409836061
-0.439067264573991
-1.311623601220749
0.5430933997509352
1.7148125
1.7148125
0.07439969372128648
1.3499074074074064
0.798275
0.3450599173553718
0.4208543689320386
0.03443907156673092
-0.1481161695447414
0.4194324324324327
0.7662892561983466
0.32295387840670847
-0.8544350000000017
-0.817008113590263
-0.29507096774193553
0.2243233830845769
1.5347958115183247
-0.31133430232558135
-0.07829401993355431
-0.07829401993355431
-0.006908309455587408
0.7288125000000004
0.33347331786542944
0.7494756493506487
0.8368983739837395
0.07439969372128648
-0.8544350000000017
-0.9714316197866207
0.32295387840670847
0.18078613861386159
0.6250272952853595
0.14069597069596979
0.7662892561983466
1.3389709543568484
-1.6626874316939866
0.654174013921114
1.3538649885583527
0.8872340425531917
0.45972077922077903
0.7050197368421062
0.9437700934579437
-1.2261743542435464
0.7709252336448595
0.4208543689320386
0.5747617801047119
0.7494756493506487
-1.130378138847855
0.9437700934579437
-1.2015576323987545
-2.2012744783306646
0.654174013921114
0.5430933997509352
0.32295387840670847
0.346507092198581
0.660104986876641
1.3538649885583527
-0.019166077738515905
0.7494756493506487
0.4863943661971833
0.8284324324324324
1.0967676470588246
0.5430933997509352
-2.035556534508077
1.1868359375000015
0.8284324324324324
0.07439969372128648
0.4355252225519286
-0.9605266272189354
0.32295387840670847
1.1868359375000015
-2.226308617234467
0.7588717948717951
-0.9391578947368422
0.8740180180180172
0.38050625000000027
0.9437700934579437
0.759544871794872
0.5430933997509352
-1.1025179968701142
-0.9542014285714301
-1.3237669565217443
-0.9542014285714301
1.3389709543568484
-0.9421705426356594
-2.2796028708133935
-0.24912149532710265
-0.7399090909090904
-1.141146579804561
-1.04661649944259
0.1647655367231639
0.6303422818791945
0.14069597069596979
0.47287650602409714
1.4580204678362554
-1.6975181347150237
-2.0972535211267633
-0.4245647482014392
0.47287650602409714
0.7530257731958747
0.8061818181818176
0.48332363636363623
-1.0083246753246753
0.7530257731958747
-0.8040114854517616
-0.9078625592417066
0.7530257731958747
0.5973515624999989
0.5973515624999989
-0.439067264573991
-2.214561538461533
0.3224428044280441
0.7709252336448595
0.38050625000000027
1.3389709543568484
-1.7021407407407412
-0.1481161695447414
-0.4245647482014392
0.3450599173553718
0.4475231481481473
0.6854851485148519
0.20804166666666674
1.5347958115183247
0.5668543307086609
0.660104986876641
0.7188333333333341
0.3224428044280441
0.5430933997509352
-0.5057132075471682
