0
0.5245774299695074
1.1181728715955805
-1.3148083554527359
-1.824897417351039
1.8444233444719678
-0.11339043048494585
1.0329793460802374
0.026623671805770077
0.6434310795642719
-0.32470557640681263
-0.021447872487024067
1.2323040997682537
0.4272796878721393
-1.159215164083347
-0.9357996121944587
-2.0936295112824657
-2.782047599056927
0.05245131276058562
-0.38301384951007783
0.5389336555522368
-1.0385100874729203
1.0326560119086476
0.47782873739074283
-0.5451910933892765
0.7830868148703581
0.29555761300284167
0.04366679689991304
0.5829503064614688
0.9307890266437776
1.6182293845274018
-0.02492435353350092
0.6898991759686285
1.3981399193321518
-0.12701447578889463
0.3052374335332084
1.0879565760729157
-0.11303136463165245
0.2650469761497436
0.8013196237552865
-1.0824945562583717
0.7825957837374528
1.056732362352506
0.14127255574997988
-0.38843821018904623
-1.27780999919639
1.704815836396914
-0.04107112603047225
1.8586382370364296
0.9475283222456042
-1.3722061537647243
0.018398202456748336
-2.8391100900784196
-1.085084523615404
0.40195046841892546
0.19981736864465183
0.13061633159081892
0.7019811697450021
-0.40394620366465106
1.0352004463845565
0.6704724616657988
0.3316269903009653
-0.4442292436314049
1.2946920641998623
1.0759008338459535
-0.11143107651075515
-1.246671150442158
1.3142495227577942
-0.5837609710707278
0.4474273277664861
1.45539141518134
0.9756789529875284
1.1941222094149877
-1.8427578009495083
-0.24372419135013676
-0.5761160608841658
0.41077110129170125
0.8816239755874419
-3.3834619425158734
0.36779053364494596
-4.09259771038263
-0.41423007906418363
-0.542678917536576
0.20637682261958462
-0.9136278205017127
0.25841615366035786
-0.06679502096523032
-0.5323197668603664
-1.4129241845684897
-1.423690019743225
0.4990955123089994
-2.4834000423044604
1.0484388813427805
-1.0487312377512619
0.3335832472720305
-0.8476304240141561
0.9954819374983016
1.8090887569043574
0.4632207570369007
0.6560119989386507
1.450349111952618
0.4686903706851261
0.8132778303201943
1.3447494252605967
0.48611329085004995
-0.0967880299540714
0.9126447208972265
-2.164993061536197
-1.6971554557594608
0.20102058552959579
0.5019388086098006
0.9840036393468491
-1.0832654109874253
0.6125173365915813
-0.3643400193299248
1.4872639220867483
0.1532575962154088
-0.7988169561817696
1.5391177689154865
1.062892579634053
1.171221280333719
-3.4315023528592676
-1.5407863704651348
-0.1953530994692225
0.48133448442351734
0.6518312839957899
0.5171701958163978
0.5793077753265446
-2.2696133945075054
-0.1197221598215491
1.5871727142286849
0.1680571791762121
0.20608425176661355
1.2224129125512735
-0.16383233989475393
1.4163491080830766
0.005198665732812746
0.6123963625301364
0.5940572170014763
0.6622591446073608
1.1640863399289043
-0.12309546109644326
0.442707329222756
-1.755382061587556
0.509366553030852
-1.1544768177100697
-0.8087583470685623
1.135570026492569
0.2899441345638222
0.9966517964326981
0.37544657508593127
-1.5881379407719205
-1.5554475906729772
0.31451182781306586
-0.17947571700061937
0.5352220289756874
-1.6700626140253503
0.6501660863236366
-2.074153181910624
-3.3759683543669907
0.8913007835743684
-0.1238836497299457
-1.6293296276863192
0.8236602914990178
-1.3770064200513015
0.2978922303666839
-0.5856380039328449
-0.8351749658827438
0.11481114780848978
0.06521095904002022
-0.35926860885516176
0.8095435947854649
0.8957877327366236
-1.2003063864078767
-0.10632263337555498
-0.26321333911930267
-0.38717618279904314
0.043617761322242043
1.172520353572578
0.5013579214971516
1.3116710058795604
0.6335439745843296
0.14456363707633363
1.673690262046323
0.5674011907918862
0.5016007008693678
0.6959421145905725
0.8753766786225011
-0.18548905064989507
0.11571300036649362
1.014299858856071
0.15494652995024027
0.5004713733325873
1.1481085495077212
0.5699151004480438
1.0966597977286567
0.4830380312586887
0.7153705127365251
-0.18804455254910646
0.7657573921370476
0.6167273260012425
1.2786177772459935
-2.491748538285631
0.6599368219190872
-0.14765196964237393
-0.04260860740562755
-0.0644687938339952
0.37149433350150307
0.762840799821754
-1.7153043714065945
0.09963982969574259
1.2862920184260496
0.10984439333493512
0.09687512316425573
0.6467362738332991
-0.6402490624195649
-3.2826389884433627
-0.4064247738302963
0.13688639542271674
0.0971034158601119
-1.3588750765593844
1.2450697782675095
0.14363959624011968
-1.4339044551899476
-1.2738247252876747
1.0631666776677569
0.19075073818309135
0.7081581868411462
0.6959154674552723
-0.3749890081272125
1.5969137554340782
0.07633889877415484
0.41306378607517036
0.6389962332411426
0.009184926952714889
0.3260201492421849
-0.32021742664430886
-0.43454111780895915
0.3685169638689958
0.3477021556611354
0.42648740474716795
0.26415247458928504
-0.028743296702906873
1.2175139651607396
1.0395891225650646
1.2668911705828267
0.7413972871705717
0.9160094841559011
-0.010418085517335252
-0.05880296387760006
0.2580426548825677
0.42525097077264995
0.6824928183589299
-0.23962106774994035
-0.3339305747574702
0.15685503811997226
0.9707337843836147
0.8363967261998845
0.968319936019186
0.19900175639195555
-0.11807470604278819
-0.8036329984235505
0.12004308843103656
0.7308473318317016
-0.0409828004934818
0.2704391218609097
-0.3285919920493982
0.00016397597147754794
0.5135374717525311
1.5527550273583457
0.6256212978407131
0.6688774875133097
-2.7107446121437073
0.1585769647429075
1.0950336841505472
-0.12957147622224718
0.603557908085393
-1.0305697070494326
0.7857114427654327
0.3197769135147962
0.9175753531592369
0.10024124352838165
-0.697733088712646
0.5656386088053525
1.368250593076592
1.0385224998763083
1.6907581965355187
0.8765596331804862
0.9597247220476207
1.1957018740429342
0.9075358274686788
-0.5000793199504031
0.32901727363465916
1.1848353303838497
-0.8361430386859342
-0.6099736969887356
0.06043547636601143
0.05558585557367485
-0.9308962774232855
-0.19335086631355708
1.0042002443767442
1.4626856262266466
-0.12405227173879524
0.7786935846054334
0.5444721131951895
1.0495147877851
0.9360132472193364
-0.3222472705264129
0.4565631904364349
1.2900288305501926
1.0312545680228777
0.10494115030987555
0.8690825733590545
0.2109931264907936
1.5729256284557276
-2.053939125301123
0.6260855283518981
0.23974519631726166
-0.10575884578418848
-1.7946548230142758
0.6193064094660731
0.2479501001808624
0.08215203749192812
0.1429707414281028
0.6629971475718094
-0.6213060007208719
0.038802914519419474
0.7481375539445044
0.27020483826724173
-0.5301819793277546
-0.06748372053604365
1.0526934123339857
0.6635692294402366
1.0250683328402537
1.184304824598219
1.0302889727233024
0.3193897507835848
1.4253484241391812
0.32157502148227324
0.321981788823416
-0.5749190247556354
-0.3576387961195031
1.0262859902069401
-0.29250336387003567
1.1316658600775984
0.7898008404359084
-0.6493913010262553
1.151329621456442
0.659215169565884
0.7467823048879402
-1.935841018078464
0.6921821341984907
-1.6330396956936832
0.8949038478343695
1.0034047889793318
-0.2642721861451976
-1.3607650885302451
0.7712161844938871
-0.05019835928651731
1.0808875653338927
0.5233372076639856
1.1502298709922454
0.8563282315131634
0.8780376838085929
0.6890327615581937
0.3736352706428566
0.39669744481458724
1.190241631970327
0.15208859484296794
0.5403091354448565
0.468929628800841
0.2230616076785668
0.3996123808574613
0.420254880997886
0.2643727537245264
1.584633587241187
-2.7407318079971357
-1.845072286815093
-0.12342158852402979
0.28620008464067415
1.3095739251666805
-0.6090994792344409
1.352352215203319
-0.21651620600817034
-0.31153786926199506
1.8535837873844403
0.2638551464173782
-0.3447963429871508
0.2772338359936254
-0.13065179892269418
-1.335950922695989
0.04669118244762671
-0.5124861229941274
0.4553810756925394
0.5727334099310529
-0.5327819906784608
0.8895218759662046
0.9034192088861849
0.8275181991269319
-0.1867853623192546
0.6187898532704675
0.1359064614546055
1.1126743119957903
0.22782295889756166
-0.025454977688730895
0.22142048662069203
0.7598280335385991
-0.34694545431422297
-0.42390267863354236
-0.2914429059135729
0.3998620483745394
-1.4927411349156423
0.710034404058645
0.4615580786210802
-2.670863241292477
0.5107826312119429
1.0446163576334566
-1.9343960539690896
-2.1138974274078235
0.005608881643749397
0.46937247662398207
-0.5939009935095074
0.4482885835700776
0.2236103744286087
1.111387382743307
-0.6586280899864929
-0.6070955069194557
-1.2049710988960844
0.5400779509252385
-0.5834210954697757
1.5774834724595097
0.7982461500917696
0.9415303567603509
1.3279937567254851
-2.837369193320916
0.2502793384943208
0.25200038663581936
-0.8536654938827125
-0.060871396091978086
0.7231093574750364
0.49284009659074246
0.5692936698927841
-0.46958707474911565
0.8009928132407064
0.031478230491391646
-2.4113849398980616
0.7191834134634626
0.7560170445134161
0.16443146320330304
-1.5520947180680524
0.7564218767308922
1.4150291954792156
1.671440809161279
-0.24170936506663715
1.5956629393165072
0.863736532526343
0.47357661700442133
0.13949004199922205
0.030575856504374554
-0.07905689565671467
0.40914431464386325
0.7785659507040664
0.36887461399351384
-0.26229287710774946
-0.5947257298797175
-0.23852033994370803
0.1758895322531816
1.4003159392726308
-0.1908280220663952
-0.07523501588539827
-0.06831881084074753
-0.10026730379242971
0.6573465152473635
0.10874848575526042
0.6670865534104797
0.5758922717421878
0.4045156193447589
-0.42706111806059655
-0.997562712659004
0.5528771776029322
0.16154144886384403
0.6190220112962024
-0.1902995323755834
1.0353440481019365
1.1402112880611885
-1.8359406424031954
1.0351163251872277
1.361699594751296
1.0497395318737825
-0.28000644544241227
0.24899635537445808
1.2035602214369785
-1.3692771436054776
0.6296934526582295
0.4795610031428478
0.5526524709249684
0.6326138526267087
-1.1165818254369575
1.260005305287132
-1.3982639680988318
-3.0009005737870593
0.6883523476063075
0.4042798157107277
0.40562769805469623
0.4147143284951069
1.0053030881052645
1.3020845490261919
-0.44216564197053443
0.7844718864541319
0.3360991473651841
1.614871434265559
0.870030599350145
0.7778030373840771
-1.710763082353496
1.1045646072986721
0.9770357981684153
-0.03182482745819584
0.48021426926841093
-0.6867488506419499
-0.04333773006073549
0.7091101317465762
-2.844162023608453
0.7153511367137368
-0.840242801377944
1.1884642601406852
0.3517779934635433
0.5289449692010193
0.7267008307410804
0.3375557565347712
-1.01106355115399
-0.9276778643119086
-0.7903384424848562
-0.8642740152952175
1.4986454721024614
-0.7191908784504725
-2.7187727749449166
-0.16574120645747795
-0.9213043475376176
-0.8003637150659123
-0.7943076680134654
0.17678817261083213
0.4592949342342568
-0.02115187999045004
0.46810110910622893
1.6714321747685132
-1.5555887243634268
-2.1426780148194684
-0.4962043758499536
0.7478811486064566
0.7224699939072977
0.9752404220233638
0.6933036096458612
-0.5131383488276887
0.7946214384995219
-0.31965225822159055
-0.6565601174341404
0.9576774327697958
0.7206712662322067
0.5791968048245933
0.023169522467514247
-2.665470743310321
0.35546742775407825
0.767287556357268
0.4427007865144047
1.5486374751682277
-1.60224914547892
-0.15649416914610753
-0.6805182124922083
0.2966163217048404
0.6860969146923868
0.9086858063813629
0.20329138833033755
1.173118620794714
0.5445750775752541
0.5781811438050433
0.9337884274488039
0.3198395792049423
0.5551739026558715
0.0647984158258319
